circle 0 0.15629383413379097 -0.0008266720052828765
rect 0 0.19590493894964056 -0.0010739697803120452
rect 5 0.17749929098116238 -0.0034643276186873406
rect 10 0.1769480139316175 -0.0022879807862569708
rect 15 0.16307467508421714 -0.002627108614422298
rect 20 0.16194211483283213 -0.0037809530664565465
rect 25 0.14849545908443446 -0.005290151438894405
rect 30 0.14810518585492521 -0.009096275244675583
rect 35 0.15017231393614436 -0.003556174925731569
rect 40 0.14585091424823401 -0.002952350033760209
rect 45 0.14550991004566366 -0.0013315307554155422
halfcircle 0 0.1667048540133788 -0.0009339752651055707
halfcircle 5 0.16639766247168894 0.004383711029165931
halfcircle 10 0.16742991218458575 0.003612470985315567
halfcircle 15 0.17358252069051056 0.015560486221041179
halfcircle 20 0.17241559667145132 0.02259593518310598
halfcircle 25 0.17421873851495334 0.021713875206611367
halfcircle 30 0.17492903767668463 0.02628421870241742
halfcircle 35 0.17565661653989822 0.024214206606626567
halfcircle 40 0.17687383752026298 0.03530356225803477
halfcircle 45 0.1793390341179749 0.039157414703339534
halfcircle 50 0.17814858465935984 0.03798958137428375
halfcircle 55 0.16969882012914378 0.042686522681117785
halfcircle 60 0.17107563366078077 0.04152899289136067
halfcircle 65 0.1716677160137565 0.04333845240201374
halfcircle 70 0.17139813948692512 0.04354983339605525
halfcircle 75 0.1675665205634593 0.033605132576759844
halfcircle 80 0.16796536205665685 0.033132637931405085
halfcircle 85 0.1678566000873852 0.010072894817194217
halfcircle 90 0.16786371337820444 0.010067138746450854
halfcircle 95 0.16786368875319152 0.010073609520290034
halfcircle 100 0.1405753517703347 -0.013780699241527295
halfcircle 105 0.1401778798378603 -0.014471722977634502
halfcircle 110 0.1329439354402961 -0.04095000184647864
halfcircle 115 0.13345851806688697 -0.04505694651199015
halfcircle 120 0.13663349919976167 -0.06398661250612833
halfcircle 125 0.14028063842858038 -0.06579591213341245
halfcircle 130 0.1498055497618182 -0.06691601194973348
halfcircle 135 0.15305507754601483 -0.07209154096109319
halfcircle 140 0.15734105104158952 -0.0769243925968339
halfcircle 145 0.1702789694285673 -0.061717459287083186
halfcircle 150 0.1781635732000995 -0.06405983911322118
halfcircle 155 0.18562278223334652 -0.058301754848985775
halfcircle 160 0.1849597551849951 -0.05482417193239695
halfcircle 165 0.19944780198590384 -0.048150224163361566
halfcircle 170 0.19595055894144178 -0.030076282116799587
halfcircle 175 0.2031241819513629 -0.01756085594722942
halfcircle 180 0.19961750258198158 6.681246031972621e-05
triangle 0 0.16186751023568718 -0.0008613607725004486
triangle 5 0.16191509571157803 0.005241167177266711
triangle 10 0.16023916914724717 -0.0012709173063663035
triangle 15 0.16569560435442748 0.0010518640136154647
triangle 20 0.17007200853453913 -0.0005695208558991101
triangle 25 0.17197710147369233 0.009996433958130572
triangle 30 0.18956142035897425 0.013852486298173556
triangle 35 0.18854029203182313 0.014974994098160157
triangle 40 0.1900264321544663 0.03317348033500399
triangle 45 0.2097429831317454 0.022805137287255133
triangle 50 0.2080011110841538 0.041914124466586246
triangle 55 0.19889173038040098 0.03347606324488793
triangle 60 0.19627287220247333 0.03196330639515239
triangle 65 0.19212614197625305 0.03966312729137913
triangle 70 0.1834615905757857 0.02978867054693433
triangle 75 0.18129635444951436 0.030216117951535098
triangle 80 0.17668982277528258 0.036742614877723186
triangle 85 0.1791022245784073 0.027347495336689086
triangle 90 0.1692859923242185 0.017478126538487293
triangle 95 0.16689809764458924 0.007401207041896877
triangle 100 0.133585950660374 -0.0024480159748296497
triangle 105 0.13510540788984624 0.001995580815951091
triangle 110 0.1309253724393436 -0.019849593014660244
triangle 115 0.13038043568470098 -0.04363961766833626
triangle 120 0.14211966627796685 -0.055804055506973184
triangle 125 0.14688234340258768 -0.05792704294704158
triangle 130 0.16576751754073585 -0.0699997351656858
triangle 135 0.16891455715609807 -0.08151941186856872
triangle 140 0.17183353405005525 -0.07886165616116293
triangle 145 0.1863790236152591 -0.07184764305537414
triangle 150 0.18839553340595877 -0.07195466632586636
triangle 155 0.19445693928421298 -0.06368571720603866
triangle 160 0.19786571305432873 -0.0504448080060634
triangle 165 0.20655255809930478 -0.03467264749169086
triangle 170 0.21076939031889758 -0.03883907699719514
triangle 175 0.21229285317085372 -0.0007594460549269766
triangle 180 0.21246518222915176 9.845144826485056e-05
moon 0 0.1659363960458335 -0.0009526668445956806
moon 5 0.1656851263184283 0.004190777533452214
moon 10 0.16676481603388754 0.0022108880414793697
moon 15 0.1729513931648825 0.014418680717801688
moon 20 0.17243079001780326 0.0210595079963389
moon 25 0.17504888808796942 0.01872542205565405
moon 30 0.17564157416326193 0.023765051073020717
moon 35 0.17647994676703777 0.02242410533842667
moon 40 0.17885541852674353 0.0335965463827595
moon 45 0.18245551366915522 0.036738830264588795
moon 50 0.1815574531353659 0.03572470133876306
moon 55 0.17748200842141498 0.04071287865077859
moon 60 0.1774196138539081 0.03950825820046648
moon 65 0.180550002273568 0.04149641131338513
moon 70 0.18072229974567947 0.04245995542666916
moon 75 0.17894139493745848 0.03283226503963256
moon 80 0.1789408829374784 0.032829993791471404
moon 85 0.18493130388578052 0.007931488009472982
moon 90 0.1849345879679654 0.007932887897676922
moon 95 0.18492890121101407 0.007930522389569667
moon 100 0.15519021998154334 -0.01663390351858684
moon 105 0.155186771723123 -0.01663691766780056
moon 110 0.15024115530645915 -0.04378424147926847
moon 115 0.14998391041607154 -0.046589444281598384
moon 120 0.15028548151716462 -0.06346582170495375
moon 125 0.15324919407012594 -0.06375044653964868
moon 130 0.1630790204381593 -0.06770204989841953
moon 135 0.16599304473594476 -0.07050789090084146
moon 140 0.16767310141043806 -0.07888914813869277
moon 145 0.1803049782830024 -0.0610655333968844
moon 150 0.18331538809945552 -0.06265198822082128
moon 155 0.19062711844863195 -0.056355306380668005
moon 160 0.19036550831879234 -0.05555664520841987
moon 165 0.20294293917126147 -0.048919937163536646
moon 170 0.2008917706395857 -0.03191222342889123
moon 175 0.2047388346590358 -0.017209263048831393
moon 180 0.20208242845412677 4.0547796767709254e-05
bullet 0 0.15518909386962162 -0.0014498865304825859
bullet 5 0.15481983087073364 -0.005534046627419825
bullet 10 0.14790457474585383 -0.01440349264034213
bullet 15 0.14798136074189114 -0.016093625524266873
bullet 20 0.14935520629772753 -0.018114740436637793
bullet 25 0.14763041679299826 -0.028799133966950535
bullet 30 0.14980400671801217 -0.024459151932811264
bullet 35 0.15152943181603057 -0.024962004654815902
bullet 40 0.15324824108003726 -0.020658801956408866
bullet 45 0.15546919337494663 -0.0188142031053525
bullet 50 0.1572653257631466 -0.015086016263974563
bullet 55 0.16172001892363902 -0.007841304128787353
bullet 60 0.1614352483590307 -5.990430795849154e-05
bullet 65 0.16115314901257455 -0.0002123854012853569
bullet 70 0.1671868408882699 0.007487552747533264
bullet 75 0.16639994911455966 0.010847779927435242
bullet 80 0.1749852194474258 0.016006638800233154
bullet 85 0.16793088410438367 0.012533842557719915
bullet 90 0.17496878280430864 0.01708933560757512
bullet 95 0.16492044327493013 0.009832682209130462
bullet 100 0.15756752689996767 0.013413326155808813
bullet 105 0.1522112423753212 0.007966383711734425
bullet 110 0.1502944946495464 0.0032845742209637596
bullet 115 0.14223839121780452 -0.006214675058956667
bullet 120 0.1416492828473362 -0.009819829636302218
bullet 125 0.14243055228479667 -0.013156322586216896
bullet 130 0.1423891770406736 -0.019294807463966925
bullet 135 0.14310906014555866 -0.022524938420272228
bullet 140 0.1464043002533189 -0.021951217882301498
bullet 145 0.15312703708122335 -0.025808634327218544
bullet 150 0.1531276887545307 -0.019146646439004572
bullet 155 0.15621782719128668 -0.028029737213728468
bullet 160 0.16873658991340826 -0.016780603708903656
bullet 165 0.17128358570625643 -0.01524803752647239
bullet 170 0.18629998355568084 -0.014641490841241469
bullet 175 0.1783230455686861 -0.0026561857329432947
bullet 180 0.19600995538037153 -0.00039729650090501256
