circle 0 0.07855256736639593 -0.0004417611292527034
rect 0 0.09776001485206853 -0.0005788391974167275
rect 5 0.0883286583573566 -0.0024144033899980463
rect 10 0.08856970280259116 -0.002004005334261978
rect 15 0.08173122755063193 -0.002385541462052246
rect 20 0.08136389696694017 -0.0029761637952392265
rect 25 0.0748859916513939 -0.004575266415962806
rect 30 0.07499472761754464 -0.006707787358206471
rect 35 0.07645657058048379 -0.0024544670800994046
rect 40 0.07443880280608464 -0.00212360178667025
rect 45 0.07445209295650877 -0.0007351425499441701
halfcircle 0 0.08323882674770036 -0.0005053758852097827
halfcircle 5 0.0831835018708988 0.0020611658278723087
halfcircle 10 0.08359131045693592 0.0005894070754248505
halfcircle 15 0.08678944701175892 0.007174692818707519
halfcircle 20 0.08637221862420652 0.009823951242120616
halfcircle 25 0.08733213792132741 0.009252522809062972
halfcircle 30 0.08784283694157413 0.01141929484043613
halfcircle 35 0.08833857731336703 0.009969405869405448
halfcircle 40 0.08916441401457145 0.016517272825348935
halfcircle 45 0.09065607410929429 0.018307655925090642
halfcircle 50 0.09027313762174408 0.017952386060372832
halfcircle 55 0.08569588479997081 0.02179580121241582
halfcircle 60 0.08646216572328538 0.021557540965389636
halfcircle 65 0.08690196592242702 0.023475774871615448
halfcircle 70 0.08670621966722258 0.023775739573407884
halfcircle 75 0.08396636532606097 0.019136297763052208
halfcircle 80 0.08409158015823018 0.01880667037797349
halfcircle 85 0.08305586531001664 0.006544650649075984
halfcircle 90 0.08306870575627197 0.006539251038795643
halfcircle 95 0.08305675033183525 0.006537378592310008
halfcircle 100 0.06912307016782407 -0.007539328482078013
halfcircle 105 0.06898422749382249 -0.00811157753818449
halfcircle 110 0.06583250543137362 -0.022984582112170217
halfcircle 115 0.06643911627280037 -0.025564568318362697
halfcircle 120 0.06844832904440214 -0.036392963972755175
halfcircle 125 0.07060880293233163 -0.03776568170356821
halfcircle 130 0.07544034472049523 -0.037531215312698374
halfcircle 135 0.07758813070471393 -0.0410443836822867
halfcircle 140 0.07993915988626706 -0.04340923754350805
halfcircle 145 0.08666242107265795 -0.03514833321392402
halfcircle 150 0.09111347854269677 -0.036895683224944506
halfcircle 155 0.09500381789759829 -0.03312543426137048
halfcircle 160 0.09452175623049366 -0.030485767180146072
halfcircle 165 0.10277680378291632 -0.027658618626753652
halfcircle 170 0.10055799047419978 -0.01741516037184005
halfcircle 175 0.10466226710931477 -0.009605720297166668
halfcircle 180 0.10256480175948963 5.796162134556978e-05
triangle 0 0.08067817809958819 -0.00045401587752263403
triangle 5 0.0809038049209221 0.0029356027514683474
triangle 10 0.08014753258778087 -0.0023711682488382407
triangle 15 0.08243337317436904 -0.0009478859132332783
triangle 20 0.08495361586750683 -0.0027852114524200967
triangle 25 0.08573830313057265 0.0031481204635338
triangle 30 0.09518257452173792 0.0043868057769289506
triangle 35 0.09445050932401981 0.005255977643608417
triangle 40 0.0959151981689744 0.014611909382566717
triangle 45 0.1059306535188868 0.00969800259355406
triangle 50 0.10592790735832595 0.019682824324240535
triangle 55 0.10128973820518652 0.01664871982000058
triangle 60 0.09980963917349328 0.015831342333633265
triangle 65 0.09846282724837087 0.021473085204189273
triangle 70 0.09319900818432036 0.016409742867481793
triangle 75 0.09191295744443172 0.017664811919894913
triangle 80 0.09016756349026678 0.02200812617592627
triangle 85 0.09050396988125908 0.017172580624734278
triangle 90 0.08456668599564834 0.011292235108499782
triangle 95 0.08271926391338655 0.005556672822678657
triangle 100 0.0657120527677629 0.0004725906025223002
triangle 105 0.06621481063982627 0.0023151400139420344
triangle 110 0.06407069329280292 -0.009456911008965396
triangle 115 0.06362739845102774 -0.024379892052460626
triangle 120 0.06975378355780881 -0.03099962237741107
triangle 125 0.07251213835543094 -0.03254055188340475
triangle 130 0.08244514663699352 -0.03968456022960678
triangle 135 0.08478465115597723 -0.046357787703707534
triangle 140 0.08660162677081207 -0.044058061234225405
triangle 145 0.09427632731564364 -0.04151820541934994
triangle 150 0.0952961202160677 -0.0408494883541042
triangle 155 0.09930386589846983 -0.036284136533383894
triangle 160 0.10070391067320736 -0.027947337283434615
triangle 165 0.1057366045606282 -0.02073999402197032
triangle 170 0.10832034689310047 -0.02209556707545917
triangle 175 0.10891740855167906 -0.0006134509452728153
triangle 180 0.10882286609386019 7.759748207001685e-05
moon 0 0.08285160007829977 -0.0005151393483419457
moon 5 0.08281893970473476 0.0019825942037997773
moon 10 0.0832089516131411 -0.000131139028844886
moon 15 0.08641537327247842 0.006631019843918345
moon 20 0.08625415872648644 0.009128157333194036
moon 25 0.08749812752020034 0.007678033126259748
moon 30 0.08795737886055402 0.010082161208789022
moon 35 0.0884698291226009 0.009070959936392994
moon 40 0.08980019070128044 0.015763036556251466
moon 45 0.0917808275079099 0.01710898925129742
moon 50 0.09156239133622358 0.01684611736027452
moon 55 0.08932070421073082 0.02071823651901727
moon 60 0.08923586179061097 0.02059192508415435
moon 65 0.09073788339774583 0.022796496694645986
moon 70 0.09090400888453617 0.023396966539854465
moon 75 0.08913367907684433 0.018990967476017355
moon 80 0.0891279766294747 0.01898568596032396
moon 85 0.09087945122971328 0.005080395008102057
moon 90 0.0908869890872567 0.0050709931793079255
moon 95 0.09088316161398155 0.005073909774054927
moon 100 0.07617109286062536 -0.01045728695679217
moon 105 0.07618118212794113 -0.010462712033394606
moon 110 0.07428946216703526 -0.02615894455929408
moon 115 0.07488411785954549 -0.02859641111785627
moon 120 0.07543714108212508 -0.03775665161094235
moon 125 0.07723414963347339 -0.03807724646425899
moon 130 0.08240756292948984 -0.03977692246390158
moon 135 0.08438882031897735 -0.041951337821303294
moon 140 0.0856923188761122 -0.04635803650577382
moon 145 0.09222015086020678 -0.036408243802948284
moon 150 0.09397682995525267 -0.0369851968533673
moon 155 0.09774249496606648 -0.03290961169511719
moon 160 0.09770480772010548 -0.03174076578201481
moon 165 0.10490102466284941 -0.028548126663063066
moon 170 0.10349550528550647 -0.018970433906516433
moon 175 0.10578845115186034 -0.009555438372429548
moon 180 0.1041133300597467 6.294859524769504e-05
bullet 0 0.07650354266867285 -0.0007980436933356764
bullet 5 0.07671799577000882 -0.003541110208098308
bullet 10 0.0728251589766341 -0.009617695682896792
bullet 15 0.0735234448238856 -0.010729780760563811
bullet 20 0.07434279066851543 -0.012034079556070245
bullet 25 0.07383285737981736 -0.018258507726084422
bullet 30 0.07522845468124707 -0.016266356384331472
bullet 35 0.07627540399906707 -0.016565161868679342
bullet 40 0.07754913309310565 -0.014054950695946356
bullet 45 0.07893718857255985 -0.012469340011279034
bullet 50 0.0799910905654503 -0.009795734407899522
bullet 55 0.08238230810800107 -0.005223184857916062
bullet 60 0.08179425259500725 0.000434617255991622
bullet 65 0.08162651320452616 0.0005446863763809359
bullet 70 0.08467030060098649 0.0056692966120123495
bullet 75 0.08409939650365787 0.007964682683751164
bullet 80 0.08840387223423353 0.011407825302953206
bullet 85 0.084180078981098 0.009096196399281525
bullet 90 0.0876009812841971 0.012081895552290698
bullet 95 0.08228676827306165 0.007036629293186431
bullet 100 0.07833085024194905 0.008895574682254274
bullet 105 0.07579340382211083 0.00517837806744046
bullet 110 0.07488728502862667 0.0021939655493219993
bullet 115 0.07116788127139664 -0.004552780388146557
bullet 120 0.07115314262383385 -0.006729039422189459
bullet 125 0.07157685518535399 -0.008879857260266489
bullet 130 0.0718965628901259 -0.01267453817911057
bullet 135 0.07242532193374751 -0.014352100027554767
bullet 140 0.07420244419701649 -0.01429910637821069
bullet 145 0.07775700561325354 -0.016528812584065
bullet 150 0.07747156832891418 -0.011866278738499691
bullet 155 0.07904243433216532 -0.01651785911902136
bullet 160 0.08538407089637226 -0.010565050888445554
bullet 165 0.08661881059088451 -0.009470408633099265
bullet 170 0.09467595908377614 -0.009311495973007792
bullet 175 0.08984176886912085 -0.0014583488445597639
bullet 180 0.09941538273223824 -0.00018018622203781986
