circle 0 0.14875207422745712 -0.0007894910307687608
rect 0 0.18633930494910356 -0.0010286441085516798
rect 5 0.16881552477552425 -0.0033867233096007967
rect 10 0.16837186356290806 -0.002305916304790395
rect 15 0.15518036496361184 -0.0026701709994175937
rect 20 0.15414405864728087 -0.003769368202205427
rect 25 0.14137769279058948 -0.005294803690691486
rect 30 0.14100745616751492 -0.008941345955409335
rect 35 0.14306974898583488 -0.003501096768756889
rect 40 0.13896540229368387 -0.0029107042702844477
rect 45 0.13867785701251906 -0.0012749140157333123
halfcircle 0 0.15858784396656006 -0.000896566950454099
halfcircle 5 0.15832522995677095 0.004167134529734351
halfcircle 10 0.15929078732541993 0.003287191768290762
halfcircle 15 0.1651378604991645 0.014737526467596507
halfcircle 20 0.1640883563341427 0.021341589746281
halfcircle 25 0.16579479642265074 0.02048306769008642
halfcircle 30 0.16650768009499778 0.02481502839464326
halfcircle 35 0.16721929833607027 0.02281015435143847
halfcircle 40 0.1684129040676417 0.033493813191012134
halfcircle 45 0.17079586819316603 0.03714096305519572
halfcircle 50 0.16970017081652727 0.03606097035028855
halfcircle 55 0.16159538692442935 0.040698709815323086
halfcircle 60 0.1629237517256697 0.03964205106695416
halfcircle 65 0.1634872347436555 0.041464379471100085
halfcircle 70 0.16322050199340096 0.04168832816402914
halfcircle 75 0.1594607104558507 0.0322422869733826
halfcircle 80 0.1598357507954124 0.031785346744514595
halfcircle 85 0.15960234854141625 0.009733564744024533
halfcircle 90 0.15962604698463148 0.009741309686311149
halfcircle 95 0.15960882462717488 0.009734724934246413
halfcircle 100 0.1336089106906818 -0.01322030850763499
halfcircle 105 0.1332264332174748 -0.0139033879187738
halfcircle 110 0.12640782730815767 -0.039306171903841024
halfcircle 115 0.12693923147380487 -0.04327604254179758
halfcircle 120 0.13003346686112832 -0.06146603567091895
halfcircle 125 0.13354493929710287 -0.06324709302066055
halfcircle 130 0.14260913917204213 -0.06420852915172758
halfcircle 135 0.14577211014551233 -0.06924374524446648
halfcircle 140 0.1499006706310885 -0.07385698645084984
halfcircle 145 0.16223842346351797 -0.059289245325813124
halfcircle 150 0.16979777555310752 -0.06158923978650836
halfcircle 155 0.1769200955656834 -0.055997847083409644
halfcircle 160 0.17629125816299765 -0.05258081504903088
halfcircle 165 0.1901901589444255 -0.04628451818238146
halfcircle 170 0.1868118619189935 -0.028929766118862
halfcircle 175 0.1937107642134916 -0.016826220022205206
halfcircle 180 0.190329146807732 6.62511285809677e-05
triangle 0 0.15396072382443632 -0.0008180159666217629
triangle 5 0.1540297448617472 0.005029862433266795
triangle 10 0.15244838771590133 -0.0014224496194421795
triangle 15 0.15759937345717104 0.0008261682802978492
triangle 20 0.1618097102776374 -0.0008423098808612511
triangle 25 0.16359513445824114 0.009296267716719517
triangle 30 0.1804572497091864 0.012893284074469746
triangle 35 0.1794479359116604 0.013994282540122083
triangle 40 0.18099121459151785 0.03136571004713753
triangle 45 0.1997473124527032 0.02152303045419545
triangle 50 0.19821371986541017 0.03977936154325488
triangle 55 0.18951989536074224 0.031877318247539026
triangle 60 0.18699907915150743 0.03043128879883945
triangle 65 0.18316101850556188 0.037968506569242236
triangle 70 0.17477975285897787 0.028541305801268586
triangle 75 0.17268932701418868 0.029070639411822592
triangle 80 0.16838775509732457 0.035399013088256555
triangle 85 0.17052990457464917 0.026440197791224716
triangle 90 0.16108078733676826 0.016943131122951767
triangle 95 0.15872645984265588 0.00725964095292952
triangle 100 0.12695719392191676 -0.002139672988354084
triangle 105 0.12836269515894697 0.0020524954292681875
triangle 110 0.12436641283958956 -0.018844618388439982
triangle 115 0.12383463378466093 -0.04184073529770098
triangle 120 0.13504415918698376 -0.05349334764155015
triangle 125 0.13962876935536284 -0.05557450995109055
triangle 130 0.15764716637121606 -0.06719601548328226
triangle 135 0.16075441493804404 -0.0782731604528444
triangle 140 0.1635805993945452 -0.07563011892006231
triangle 145 0.1774823575643625 -0.06907405897663718
triangle 150 0.17941507592476874 -0.06909609725648194
triangle 155 0.18528868440591897 -0.061168795901986005
triangle 160 0.18851215447457798 -0.04835868098419676
triangle 165 0.19686854783112034 -0.033423176528136776
triangle 170 0.2009518387185108 -0.03731544014768861
triangle 175 0.20236652337058264 -0.0007533511925169169
triangle 180 0.20253570692643982 9.930508348522165e-05
moon 0 0.15787232029860435 -0.0009056490517055229
moon 5 0.15764943453271724 0.003978678806239847
moon 10 0.15865604717538134 0.0019515590871917398
moon 15 0.16454263401635644 0.013660486962856613
moon 20 0.16406674983656364 0.01988713472094489
moon 25 0.1665672928436301 0.01762998230543741
moon 30 0.1671510106417407 0.022419025100268754
moon 35 0.1679625023043445 0.021109265200089322
moon 40 0.17024468656096328 0.03187908006236411
moon 45 0.17369955186455344 0.03485630229633469
moon 50 0.1728822831559849 0.03392710502867165
moon 55 0.16898853454778612 0.038823470833317594
moon 60 0.1688969617835809 0.03772886654398446
moon 65 0.17187365292275114 0.039747704961898986
moon 70 0.17202617033270523 0.04066682341821344
moon 75 0.1702365687676334 0.031543008038817245
moon 80 0.17024587169814762 0.031542264546282436
moon 85 0.175771817712264 0.007648623969142394
moon 90 0.17577312838855647 0.007646130224818944
moon 95 0.1757621105402058 0.007651352198542236
moon 100 0.1474883779754233 -0.01610080378248438
moon 105 0.1474810233039889 -0.01611295345044115
moon 110 0.14285649900457598 -0.0422048713534751
moon 115 0.14268945546022255 -0.04499633707590921
moon 120 0.1430358493850719 -0.061161166900099415
moon 125 0.14588982411856294 -0.061448217652250794
moon 130 0.15528262828359085 -0.06517423574314266
moon 135 0.15812667664992547 -0.06794204304269316
moon 140 0.15979340296207054 -0.07596065516915321
moon 145 0.17184661414524902 -0.05885639489249837
moon 150 0.17474696952047203 -0.06034205794991428
moon 155 0.18172347710466316 -0.054233845733168674
moon 160 0.18150389448099818 -0.05339189540474319
moon 165 0.1935887767118722 -0.04708702536689792
moon 170 0.19156058348038396 -0.030754710581934918
moon 175 0.19528920213123357 -0.01650861819516779
moon 180 0.19271317864721332 4.414109983474912e-05
bullet 0 0.14750057977340436 -0.0013939722960256353
bullet 5 0.1472189878715497 -0.0053656229194236574
bullet 10 0.14058351965085508 -0.014015347890108226
bullet 15 0.14073710243971468 -0.01564894851157065
bullet 20 0.14207079651327664 -0.017614979050667192
bullet 25 0.1404771464385543 -0.02789364474077637
bullet 30 0.14257993390030604 -0.02376483990422093
bullet 35 0.14424757471913502 -0.024251462550862718
bullet 40 0.1459179464552027 -0.020091230497801656
bullet 45 0.14811749291877602 -0.018266246984793403
bullet 50 0.14983295918712988 -0.014604764033452613
bullet 55 0.15408351710735607 -0.007590263917665982
bullet 60 0.15372841950162025 2.3782837070184642e-05
bullet 65 0.15348820447274375 -0.00010834816717128403
bullet 70 0.15922529611467756 0.00736825591751278
bullet 75 0.1584533670632526 0.010646430896810846
bullet 80 0.16660806332289663 0.015662744194862493
bullet 85 0.15982202181807167 0.012268723488695038
bullet 90 0.16651040026055747 0.016681940051572034
bullet 95 0.15690821651631243 0.009604929415625806
bullet 100 0.14986597757345899 0.013015738368159797
bullet 105 0.14479206284030025 0.007722894679450085
bullet 110 0.14296014166602286 0.003179873126608039
bullet 115 0.13533383620760903 -0.006087744533884783
bullet 120 0.1348028941939417 -0.009553446570735813
bullet 125 0.13555647516490238 -0.012803138192219437
bullet 130 0.13555839140120982 -0.01873423180788154
bullet 135 0.1362707192559185 -0.021799847208942562
bullet 140 0.13942676763861386 -0.02129144622087157
bullet 145 0.14585021550207894 -0.024988701490666818
bullet 150 0.14579477491045642 -0.018485390129451097
bullet 155 0.14876748404144385 -0.026981079820190608
bullet 160 0.16069424638545174 -0.01621724407594188
bullet 165 0.1631321321245845 -0.014733773973990259
bullet 170 0.17745647987492638 -0.014158395641287843
bullet 175 0.1697866292040449 -0.002541487482190814
bullet 180 0.18669965144968587 -0.00038010004734765056
