circle 0 0.17833344234393295 -0.0009304921692265217
rect 0 0.2239090036353269 -0.0011999651281808395
rect 5 0.20292385882211392 -0.0036507500421980787
rect 10 0.20214716426899043 -0.0021576400086932394
rect 15 0.18619742036859235 -0.0024867329112469526
rect 20 0.18485326217941966 -0.0037853217034421968
rect 25 0.16940503545732938 -0.005230802539443311
rect 30 0.16881499079479986 -0.00949609254151772
rect 35 0.1709896430748183 -0.0036558436167061113
rect 40 0.16598561595092803 -0.003064195697908793
rect 45 0.165568043910238 -0.00147227443293044
halfcircle 0 0.19049094180296855 -0.0010494773981139266
halfcircle 5 0.1900964514907094 0.005048139565685476
halfcircle 10 0.19134155106509007 0.004585837276928769
halfcircle 15 0.19828688593734914 0.017970963474719846
halfcircle 20 0.1968787892218362 0.026330422085873006
halfcircle 25 0.19886670828980033 0.025352819697155082
halfcircle 30 0.19960611279759757 0.030593841802287813
halfcircle 35 0.20036764167265542 0.028377818450387438
halfcircle 40 0.20164528416569655 0.040647655530395066
halfcircle 45 0.20434390245579181 0.04506827695089417
halfcircle 50 0.2029106308504424 0.04362680040486629
halfcircle 55 0.19340816916201273 0.04849111403228752
halfcircle 60 0.19494480210368 0.04703295981222721
halfcircle 65 0.19555640825186946 0.04875992912028105
halfcircle 70 0.19527225613414845 0.048941591931778675
halfcircle 75 0.19123636197357546 0.037529683478654215
halfcircle 80 0.19175286096563454 0.03703702187698908
halfcircle 85 0.19204520840878908 0.011038038308792018
halfcircle 90 0.19202650928831685 0.011036868782038245
halfcircle 95 0.19203718506225748 0.011039146139224309
halfcircle 100 0.16103389110533198 -0.015389339935853846
halfcircle 105 0.16056677983745923 -0.016082129826171018
halfcircle 110 0.1520930679805314 -0.04569347979813461
halfcircle 115 0.15257855483626465 -0.05017622309767581
halfcircle 120 0.15603071155450393 -0.07126305790175311
halfcircle 125 0.16006613738548922 -0.0731408735841699
halfcircle 130 0.1708468541777037 -0.07471926361676964
halfcircle 135 0.17438693478705053 -0.0802726876434687
halfcircle 140 0.17919157821456494 -0.0857993624748048
halfcircle 145 0.19381968789861376 -0.06872029935696458
halfcircle 150 0.20260503747123276 -0.07117355966548547
halfcircle 155 0.2110400440938902 -0.06494791823885501
halfcircle 160 0.2103549888315027 -0.06131148758022723
halfcircle 165 0.22646538649739814 -0.053505356499701284
halfcircle 170 0.22265393859339627 -0.03338107838893657
halfcircle 175 0.23063766170098102 -0.019682203426952254
halfcircle 180 0.22676492292412215 6.419608456601197e-05
triangle 0 0.18505539646135755 -0.0009701616289082332
triangle 5 0.18504155524389393 0.005874694400311741
triangle 10 0.18309359238084472 -0.0008050094602135167
triangle 15 0.1894914239703513 0.0017483402133365651
triangle 20 0.1942660621738223 0.0002812905048621216
triangle 25 0.19646540032150178 0.012075827923169049
triangle 30 0.21625423782781078 0.016706422526112312
triangle 35 0.21515484436841384 0.01785618316528434
triangle 40 0.21650368993735886 0.038469199205133545
triangle 45 0.23893624647399472 0.02658325127017478
triangle 50 0.2365573392048264 0.04814612074243611
triangle 55 0.2262320961832859 0.038126030753318094
triangle 60 0.22329179437271604 0.03642110816754975
triangle 65 0.21831587156394927 0.04455480709100661
triangle 70 0.20879981020253052 0.03338027618712665
triangle 75 0.206475084713928 0.033547142758850575
triangle 80 0.20100829450570395 0.04059225753726965
triangle 85 0.2041709393557633 0.029953533647110113
triangle 90 0.19334477295773753 0.01900102042761125
triangle 95 0.19086229143079003 0.007773595396212718
triangle 100 0.1530963325343821 -0.0033788347855325702
triangle 105 0.1549292991756113 0.0018136535205239934
triangle 110 0.15020543657521487 -0.022778211427083937
triangle 115 0.14964530380525765 -0.04882157538000476
triangle 120 0.16293795602614597 -0.062492964945717336
triangle 125 0.16824247418936486 -0.06473077191807167
triangle 130 0.18958549214140638 -0.07810147891972508
triangle 135 0.1928999656414639 -0.09088715060057995
triangle 140 0.19602213608009822 -0.08819231404984819
triangle 145 0.21249071487063187 -0.07985974995647702
triangle 150 0.21476043869069755 -0.0802235344131217
triangle 155 0.22125146718091893 -0.07092450926975546
triangle 160 0.22524872298185108 -0.05647843917238863
triangle 165 0.23484406017916853 -0.038239152171930704
triangle 170 0.2394459955358103 -0.04323126786666843
triangle 175 0.24124208945602604 -0.000772216340356624
triangle 180 0.24153323175508418 0.00010660954801855471
moon 0 0.18965061270565722 -0.00106279427123041
moon 5 0.18932717582460162 0.004818534812800196
moon 10 0.19060715281193472 0.002984689578786423
moon 15 0.19762905953005339 0.016659206662568638
moon 20 0.19690723114725722 0.024502917429005202
moon 25 0.19990098528046232 0.021927570973848814
moon 30 0.20054201451562575 0.02773255165172279
moon 35 0.20142464169738644 0.02628264262663798
moon 40 0.20407478296325973 0.03860568714303615
moon 45 0.208091524246027 0.04225448956288368
moon 50 0.2069682057888985 0.04098961720024574
moon 55 0.20240710764513964 0.04621608308601764
moon 60 0.2023609220884976 0.044662563814129766
moon 65 0.2059590823178979 0.046551980629749794
moon 70 0.20613505091589998 0.04764107315000739
moon 75 0.20446795776526008 0.03656479003465709
moon 80 0.2044498024363937 0.03656733216780682
moon 85 0.2118228954200157 0.00875125687999354
moon 90 0.21182638236557105 0.008751103375855536
moon 95 0.21180462770245842 0.008750570392431363
moon 100 0.1778332173446871 -0.01810580361759049
moon 105 0.17783939680808655 -0.018101047788116116
moon 110 0.1719531964154035 -0.04830915742512965
moon 115 0.17139075667892303 -0.051129089650284065
moon 120 0.17155241332738133 -0.07008251337954274
moon 125 0.1748072911230874 -0.07033991356763822
moon 130 0.1858892665052307 -0.0749495124707252
moon 135 0.18900845441094621 -0.07785142517112956
moon 140 0.19072946295605603 -0.08729494341477381
moon 145 0.2050581817958149 -0.06739063313820885
moon 150 0.2083700431388354 -0.06926721976529306
moon 155 0.21665289664456377 -0.062442393103366425
moon 160 0.21630474072220074 -0.061801513439046704
moon 165 0.23030788473944136 -0.05418376838451552
moon 170 0.2280888611899507 -0.03521768786213118
moon 175 0.23233833951629354 -0.019233139580508977
moon 180 0.22943704032548137 3.370380187556703e-05
bullet 0 0.1777606870403569 -0.0016190820996646188
bullet 5 0.17714228802510854 -0.005995725169997669
bullet 10 0.16946599980154622 -0.015493166071626185
bullet 15 0.16923304807657027 -0.01731880134331038
bullet 20 0.17075679169340205 -0.019525627158945413
bullet 25 0.1686320814298373 -0.031394807148018775
bullet 30 0.17097324206077108 -0.02638018018351792
bullet 35 0.17283997770428589 -0.02694646060634035
bullet 40 0.17460607958567315 -0.022209212610815623
bullet 45 0.17705687588927113 -0.020384544997847025
bullet 50 0.1790548974522474 -0.01645647416775719
bullet 55 0.1840443261454649 -0.00859766677266877
bullet 60 0.18389698215657563 -0.00030425429903087456
bullet 65 0.18365006711031892 -0.0005459600884569961
bullet 70 0.19050108700218882 0.0077239850373804955
bullet 75 0.1896717300569175 0.011374692076567511
bullet 80 0.199496963549394 0.016958668683115397
bullet 85 0.19175135783188718 0.01325005727428657
bullet 90 0.19980932692228798 0.018208725303250684
bullet 95 0.18844866953382183 0.010458146390042588
bullet 100 0.18020224778195545 0.014517759789457765
bullet 105 0.17399234832536647 0.00866593608247579
bullet 110 0.17179584045916665 0.003549565787527268
bullet 115 0.16250303888739046 -0.0065556882775969745
bullet 120 0.1617021255097046 -0.010542090107916362
bullet 125 0.1626032580223618 -0.014177115045168285
bullet 130 0.1623884059845877 -0.020903969434947538
bullet 135 0.16318122763379186 -0.024568197080434732
bullet 140 0.16682404175681148 -0.023850433895454416
bullet 145 0.17444827970038607 -0.028140705000840933
bullet 150 0.17451291060464474 -0.021012551073100908
bullet 155 0.1780523091186988 -0.031069698672219686
bullet 160 0.19228997210556018 -0.01839081758567316
bullet 165 0.19524782367279664 -0.016761612526315507
bullet 170 0.21213776094056583 -0.016026261173852006
bullet 175 0.20336487110255344 -0.002982598964736697
bullet 180 0.22326237774285534 -0.0004590391843822412
