circle 0 0.16891624753927387 -0.0008907018010593703
rect 0 0.21190719153808382 -0.0011463677946893513
rect 5 0.1920293141182147 -0.003580623489204862
rect 10 0.19134719013911944 -0.002214394882432808
rect 15 0.17630100239539787 -0.00256204591472996
rect 20 0.17505926451647144 -0.0037916678828612154
rect 25 0.1604600853357448 -0.005274579649698527
rect 30 0.15994450289959602 -0.009322276037294231
rect 35 0.16208499147811056 -0.003618635869786355
rect 40 0.15736639775340924 -0.003023427577884804
rect 45 0.15698502306623824 -0.0014110518281986552
halfcircle 0 0.18029021367446058 -0.0009957832719501938
halfcircle 5 0.17993699950193906 0.004763362693142982
halfcircle 10 0.1811023491050992 0.004159676668086176
halfcircle 15 0.18770099140312496 0.01693960710259495
halfcircle 20 0.18640899461475668 0.02472829915288563
halfcircle 25 0.188308387649093 0.023783135326844868
halfcircle 30 0.18905449853046638 0.028746585939544093
halfcircle 35 0.1897826401681107 0.026594088975415164
halfcircle 40 0.19104873042392184 0.038357820789750904
halfcircle 45 0.19366440417371553 0.04253721035960269
halfcircle 50 0.19232255521104918 0.041214633195257463
halfcircle 55 0.18327271440434928 0.046020624462602806
halfcircle 60 0.1847517212853955 0.0446857090063013
halfcircle 65 0.18534829811548434 0.04644934322052484
halfcircle 70 0.18505928105531871 0.046641031837358085
halfcircle 75 0.18109771182094475 0.035856990773806545
halfcircle 80 0.18157927962301407 0.035376179902009405
halfcircle 85 0.18168550786790935 0.010628711305438188
halfcircle 90 0.181671146601619 0.010617931239709144
halfcircle 95 0.1816895652454881 0.010624585111616094
halfcircle 100 0.1522779007695724 -0.014711259590153467
halfcircle 105 0.1518213254850666 -0.01540549093964986
halfcircle 110 0.14390464984671333 -0.04368118834590853
halfcircle 115 0.14438390810330448 -0.04800012194456139
halfcircle 120 0.14773620991356598 -0.06817118087368759
halfcircle 125 0.15160207583175067 -0.07002801077075292
halfcircle 130 0.16184569636705362 -0.07140155758153843
halfcircle 135 0.16525265978974885 -0.07679762424523218
halfcircle 140 0.16987864176056688 -0.08203978978338121
halfcircle 145 0.1837541726643732 -0.06574013203080571
halfcircle 150 0.19215384774854163 -0.0681537327020603
halfcircle 155 0.20017009466453234 -0.06212067666980316
halfcircle 160 0.19948870773586663 -0.05855256588099635
halfcircle 165 0.21492116718418686 -0.05123205230010599
halfcircle 170 0.21124185369578719 -0.03197664538175262
halfcircle 175 0.21888342765202534 -0.018779221177699267
halfcircle 180 0.21516278264121108 6.487451406077674e-05
triangle 0 0.1751253043878847 -0.000920341084630174
triangle 5 0.17514366123300365 0.005605678272277396
triangle 10 0.1733079903822867 -0.001005255717936197
triangle 15 0.17930363119060982 0.0014428500067026828
triangle 20 0.18390137513063082 -9.051535388939497e-05
triangle 25 0.1859742708566193 0.011177569406219983
triangle 30 0.20483464187918515 0.015478965187908375
triangle 35 0.20373914632772355 0.01661536174896447
triangle 40 0.20518546982859226 0.03620116586620616
triangle 45 0.22646021660380225 0.024964163845940187
triangle 50 0.22434004304309854 0.04548170035761218
triangle 55 0.21453956050433926 0.03613976173885325
triangle 60 0.21172676436463264 0.03451280997544455
triangle 65 0.20711754807490745 0.04247348802812785
triangle 70 0.19797316528234726 0.0318515687081165
triangle 75 0.19569297964949534 0.03212820566134912
triangle 80 0.19061199998417716 0.03895429462390163
triangle 85 0.19345943496760154 0.028851216175827293
triangle 90 0.18304468324843945 0.018358540241087185
triangle 95 0.18058731074947892 0.00762097927795716
triangle 100 0.14473678167492204 -0.002985875594664734
triangle 105 0.14644256003049244 0.001897956530276129
triangle 110 0.1419234989755927 -0.02152541160832249
triangle 115 0.1413840329948936 -0.04661369090837874
triangle 120 0.1540161202784674 -0.05964378820468848
triangle 125 0.1590800353296175 -0.06182875140596568
triangle 130 0.17936959735839575 -0.07464723097365569
triangle 135 0.18263652139875558 -0.08690552599868454
triangle 140 0.1856772432593134 -0.08422302153219925
triangle 145 0.20130879573910426 -0.07644767128658211
triangle 150 0.203480693962449 -0.07670717884368346
triangle 155 0.2098020489079419 -0.0678479520915424
triangle 160 0.21352922720626394 -0.053908733099382586
triangle 165 0.22274840979214808 -0.036724985044350886
triangle 170 0.22719247711409776 -0.04136778516772076
triangle 175 0.2288661736571008 -0.0007677471466057022
triangle 180 0.2291211839164856 0.00010119937940428496
moon 0 0.17950572269596962 -0.0010168695256455597
moon 5 0.17920675981411058 0.004546289807668545
moon 10 0.18040791344871812 0.0026450556990073835
moon 15 0.18706413215596185 0.015694706303825606
moon 20 0.1864293329605438 0.023023868679082963
moon 25 0.18926361596971542 0.02055264583813221
moon 30 0.18989559292720642 0.02603480843337142
moon 35 0.19074285399077012 0.024627805288560643
moon 40 0.1932757856744687 0.03646137405814896
moon 45 0.19714252244643762 0.03989958235201939
moon 50 0.19611141114249092 0.03874018784933053
moon 55 0.19175642597049647 0.043873365709655734
moon 60 0.19168650310583166 0.04246480561531591
moon 65 0.19510581556211568 0.044396723265822564
moon 70 0.1952520495813894 0.0454292032629336
moon 75 0.19354426221225188 0.03497723928076895
moon 80 0.19354710217836804 0.034981775205960894
moon 85 0.20029732497539685 0.008394791570336334
moon 90 0.2003037497232461 0.0083991763822444
moon 95 0.20031040816833118 0.008393476338622278
moon 100 0.16814117400011414 -0.01748396408566859
moon 105 0.16813933771892403 -0.017490806416062217
moon 110 0.16265714692559952 -0.04638725227832143
moon 115 0.16222993758137655 -0.04920419887028183
moon 120 0.1624563512637108 -0.06728338444826489
moon 125 0.1655802592177227 -0.0675502147002224
moon 130 0.176127061441349 -0.07186670276147022
moon 135 0.1791494368540258 -0.07473585498034993
moon 140 0.18087238878236048 -0.08373120998582353
moon 145 0.1944623925919824 -0.06470565899067335
moon 150 0.19764568354168013 -0.06645488245247064
moon 155 0.20552178237698987 -0.05985504998066325
moon 160 0.2052399731796422 -0.059155604441316255
moon 165 0.2186151531858258 -0.05195151092335419
moon 170 0.2164525440832569 -0.03381638764564533
moon 175 0.22055113571675228 -0.018374303961034365
moon 180 0.2177475821192071 3.603598710691332e-05
bullet 0 0.16810222478478315 -0.0015415608304085184
bullet 5 0.16757234940468596 -0.005797531079492086
bullet 10 0.16022318715275613 -0.015039067398720301
bullet 15 0.16013486082117678 -0.016808444008269644
bullet 20 0.1616044530758845 -0.018934898660375586
bullet 25 0.15964453179653446 -0.03029843417656226
bullet 30 0.16191001404438107 -0.025573916173879267
bullet 35 0.16372648682822394 -0.026107236126211263
bullet 40 0.16547730074900863 -0.021552712277758544
bullet 45 0.16780939926458588 -0.019714226003829317
bullet 50 0.1697358614951547 -0.01586728093504572
bullet 55 0.17449452657548462 -0.008272515758293117
bullet 60 0.17429874369974868 -0.00019152131437407603
bullet 65 0.17404490220532093 -0.00039547080115034884
bullet 70 0.18051683007616787 0.007631027470023771
bullet 75 0.1797166319807737 0.011157787785664189
bullet 80 0.18899226761912363 0.01656916204908409
bullet 85 0.18155886373443605 0.012957916614525635
bullet 90 0.18917322018022226 0.017738503507129137
bullet 95 0.17839025604949205 0.010194199757414906
bullet 100 0.1705120251030054 0.014060535868290643
bullet 105 0.16465488687787538 0.00837009621288463
bullet 110 0.16258337500284625 0.003430344264079648
bullet 115 0.15380925887354363 -0.006417214177036901
bullet 120 0.15310784690872242 -0.01023241105542948
bullet 125 0.15397522053739654 -0.01374474777446385
bullet 130 0.15383599363308856 -0.020232488103241013
bullet 135 0.15458915868246334 -0.023706017343309314
bullet 140 0.15808591826656118 -0.023048189692567535
bullet 145 0.16533773926691425 -0.02715871654697735
bullet 150 0.1653613602489342 -0.020217095947447687
bullet 155 0.1687152595586647 -0.029783681247215754
bullet 160 0.1822072180585251 -0.017700247746881205
bullet 165 0.18501701735881024 -0.016120912414112017
bullet 170 0.20110148476379192 -0.015446514310602696
bullet 175 0.19264204276569946 -0.0028441432407372296
bullet 180 0.21159470372698586 -0.00043197890224727935
