circle 0 0.07307480786767206 -0.0004185131118168967
rect 0 0.09088370556823021 -0.0005444880304660844
rect 5 0.08208901297517147 -0.002305891085111104
rect 10 0.08238330704039934 -0.0019152247233539695
rect 15 0.07601063552289997 -0.0022888823567770696
rect 20 0.07570754304756337 -0.002834775248230893
rect 25 0.0697143130148723 -0.004421049354071498
rect 30 0.06983926238739877 -0.006452077802994007
rect 35 0.07124036401572535 -0.002315870676074527
rect 40 0.06937639119778015 -0.0020254482945011453
rect 45 0.0693827811982505 -0.0006907296917323841
halfcircle 0 0.07741581492261186 -0.0004824802239441242
halfcircle 5 0.07736685229035448 0.0019012849582869993
halfcircle 10 0.07771831923415137 0.00041564130613817326
halfcircle 15 0.08070398117706332 0.006596946416897634
halfcircle 20 0.08032944876697382 0.00895984928678087
halfcircle 25 0.08122883532784754 0.008412462792749483
halfcircle 30 0.08170519070528606 0.010403743083562983
halfcircle 35 0.08217884492408355 0.009019556320368353
halfcircle 40 0.08296969516371724 0.0151999752086408
halfcircle 45 0.08436766400897201 0.01684433911980088
halfcircle 50 0.0840678216339573 0.016538779402599936
halfcircle 55 0.07977012980454382 0.0202960164673348
halfcircle 60 0.08047295689641096 0.020100620699492967
halfcircle 65 0.08091479835906049 0.02201616755046425
halfcircle 70 0.08071463818982062 0.022319766200616275
halfcircle 75 0.07808041881432456 0.018059563657130843
halfcircle 80 0.07820031476256094 0.017749697225759618
halfcircle 85 0.07713658061860465 0.0062744434643419115
halfcircle 90 0.07713064198758637 0.006277700359280184
halfcircle 95 0.07713337784680259 0.006278573983807245
halfcircle 100 0.06415519591742784 -0.007048488683069824
halfcircle 105 0.06405170304060778 -0.0076150832964218245
halfcircle 110 0.06115368011219702 -0.0216186222064119
halfcircle 115 0.06175420000891822 -0.02407219535218716
halfcircle 120 0.06366385302266866 -0.034281405463584255
halfcircle 125 0.06571827817809348 -0.035609818760266566
halfcircle 130 0.07020721283061529 -0.03529844652815772
halfcircle 135 0.07225468076843877 -0.03866897680092883
halfcircle 140 0.07445322887378666 -0.04085649544325804
halfcircle 145 0.0807407912691587 -0.0331145281194575
halfcircle 150 0.08492280768305585 -0.03480123032829214
halfcircle 155 0.08854555872704427 -0.03120145023626194
halfcircle 160 0.08808261059403254 -0.02864717728622913
halfcircle 165 0.09584319268217814 -0.02607105012016899
halfcircle 170 0.09373065837718697 -0.01643019381668268
halfcircle 175 0.09760858529382802 -0.009007471765466648
halfcircle 180 0.09559958618468647 5.943864047132525e-05
triangle 0 0.07500574506094856 -0.0004245899229910142
triangle 5 0.07523003855071463 0.0027565862105439756
triangle 10 0.07455280475725226 -0.002394893684285487
triangle 15 0.07660824699818247 -0.001048722988174208
triangle 20 0.07899802622781892 -0.0028702558107456264
triangle 25 0.07968000900956777 0.002714299513830698
triangle 30 0.08853696638663358 0.003782170725068424
triangle 35 0.08781649817279379 0.0046195606016489
triangle 40 0.08924375414786302 0.01332464396562508
triangle 45 0.09856513893705363 0.008795486849929302
triangle 50 0.09867465579224728 0.018114977760828866
triangle 55 0.09435224294070524 0.015433444511130375
triangle 60 0.09296984015729234 0.014669432336121113
triangle 65 0.09179488279858052 0.020128071018917393
triangle 70 0.08678904299774994 0.015408260854690195
triangle 75 0.08558864862459438 0.016706185731593888
triangle 80 0.08403274953714877 0.020878601696568466
triangle 85 0.0842642366628591 0.01637123140220158
triangle 90 0.07862593884729399 0.010790075836899674
triangle 95 0.07684536375630299 0.00538814130161651
triangle 100 0.06100342169444338 0.0006468051805921555
triangle 105 0.06146489028395733 0.002316314870099214
triangle 110 0.05945684681410444 -0.008718026581773005
triangle 115 0.059024350271548044 -0.022931663086279745
triangle 120 0.0647511778260056 -0.029145954087806913
triangle 125 0.06736462442783729 -0.030634189154385604
triangle 130 0.07664158539752818 -0.037401600432787487
triangle 135 0.07888743339965051 -0.04369402751636581
triangle 140 0.08061128656008457 -0.04144729010339787
triangle 145 0.08777495101512553 -0.039194382070077846
triangle 150 0.08872397041152476 -0.03848645156658455
triangle 155 0.09255181103264366 -0.03419007071445819
triangle 160 0.09381374724192629 -0.02625343503306603
triangle 165 0.09856490981830728 -0.01963468950411662
triangle 170 0.10099234038772398 -0.020801849215373293
triangle 175 0.10155261722965943 -0.0005926383514024105
triangle 180 0.1014360018961031 7.153793954425974e-05
moon 0 0.07705149363195227 -0.0004813965917393255
moon 5 0.07701783175949427 0.0018242502452394042
moon 10 0.07738204658190037 -0.00025283069134294806
moon 15 0.08034481582746046 0.006090016659470704
moon 20 0.08019661368422734 0.008310733967624618
moon 25 0.08135462519755624 0.006941536861629734
moon 30 0.08179277897574795 0.00915235275758135
moon 35 0.08227174351059027 0.008169180177182423
moon 40 0.0835258772105909 0.014493274739526685
moon 45 0.08536998679452304 0.015716532131273553
moon 50 0.08519088779608852 0.015495446919630887
moon 55 0.0830921018266482 0.019250684457231815
moon 60 0.08302257020913675 0.01919429081153303
moon 65 0.08440592888883627 0.021400113464495198
moon 70 0.0845682791190161 0.02198230807322954
moon 75 0.08283341007331256 0.01794662494722151
moon 80 0.08285540466783012 0.017956990290230755
moon 85 0.08434318950984933 0.004876694940568541
moon 90 0.08434170888915717 0.004875058734912922
moon 95 0.08433326766120752 0.004873754080892407
moon 100 0.07070012684794172 -0.009930798606469027
moon 105 0.0707039773903693 -0.009933546051138217
moon 110 0.06901157757798547 -0.02476410361476989
moon 115 0.0696357061564826 -0.02714847021461571
moon 120 0.07018428544505605 -0.03572632436892649
moon 125 0.07188966160229285 -0.03605278306150016
moon 130 0.07672178628587269 -0.03759938558395905
moon 135 0.07861032313610036 -0.03970596160353039
moon 140 0.07987096437058169 -0.04381318499338359
moon 145 0.08595823547712357 -0.03446080823510376
moon 150 0.08760988794678369 -0.03496696126121772
moon 155 0.09112115936478252 -0.031082228031825525
moon 160 0.09107568917244871 -0.02990916245634349
moon 165 0.09785512878033523 -0.026946679694027677
moon 170 0.09649360686366279 -0.01793977207820064
moon 175 0.09868470686946508 -0.00897494130613608
moon 180 0.09708801742248621 6.34749357121476e-05
bullet 0 0.07104640671530572 -0.0007551862588286967
bullet 5 0.0712846541682333 -0.003368475524065758
bullet 10 0.06762404422719126 -0.009195993568499438
bullet 15 0.06832539764601855 -0.0102531108987686
bullet 20 0.0690936946440487 -0.011502631063973385
bullet 25 0.06866951236991714 -0.017381310338504773
bullet 30 0.0699961547948329 -0.015549529264919457
bullet 35 0.07098162150339048 -0.015835619284778415
bullet 40 0.07219083327178441 -0.013475200077560753
bullet 45 0.07350696703812273 -0.01193818267837847
bullet 50 0.07449538495366888 -0.009372517103618583
bullet 55 0.07675765309276307 -0.0050367603693574296
bullet 60 0.07615350272063527 0.0004305837967301921
bullet 65 0.07599768540605753 0.0005636285149418936
bullet 70 0.0788239042020071 0.005456763799349167
bullet 75 0.07830062178534326 0.0076669359505037405
bullet 80 0.08231573920437209 0.010974578216393726
bullet 85 0.07828884426537903 0.008773446525716972
bullet 90 0.08145655216216628 0.011634714939779389
bullet 95 0.07645964360128499 0.00678443411574844
bullet 100 0.07280109086463507 0.008522608486384463
bullet 105 0.07043157129203305 0.004955926782121331
bullet 110 0.06960352259658245 0.0021124702322137608
bullet 115 0.06619191462977322 -0.004390701261071057
bullet 120 0.06619870469425873 -0.006454673285147728
bullet 125 0.06661254751845938 -0.008495899483434597
bullet 130 0.066919054768627 -0.012114275247344597
bullet 135 0.06744643483651999 -0.013694355609512817
bullet 140 0.0691018596845319 -0.013656714773164824
bullet 145 0.07243292960220257 -0.015767573461043023
bullet 150 0.07214893548181323 -0.011294616963429583
bullet 155 0.07359500325372503 -0.01564250549930769
bullet 160 0.07949092938504325 -0.010074509412713633
bullet 165 0.0806191640787336 -0.00901574511728631
bullet 170 0.08818859381312924 -0.008881370661350228
bullet 175 0.08358311866281429 -0.0013742794247505086
bullet 180 0.09257150899247238 -0.0001592060158660876
