circle 0 0.15246253067824522 -0.0008055435902834482
rect 0 0.19105154685077713 -0.0010483217863679758
rect 5 0.17308526900267243 -0.0034307743656680307
rect 10 0.17256423520452027 -0.0023056103997011715
rect 15 0.15904490652181105 -0.002656109552543018
rect 20 0.1579697794977095 -0.003779053399285414
rect 25 0.14486728775278962 -0.005298871965386117
rect 30 0.14447604337394931 -0.00901164940861957
rect 35 0.14654603010984638 -0.0035299381614147035
rect 40 0.1423333346774553 -0.002933276589667171
rect 45 0.14202302120933852 -0.0012981750094466663
halfcircle 0 0.1625682991795016 -0.0009115959135543005
halfcircle 5 0.1622637057382514 0.004280920915361467
halfcircle 10 0.1632750889457081 0.003444339959156069
halfcircle 15 0.16925853373812852 0.015137783325667429
halfcircle 20 0.16816471225774737 0.021958091328654068
halfcircle 25 0.16991111053078062 0.02108091148758282
halfcircle 30 0.17063664447077057 0.025532106584305814
halfcircle 35 0.17135527829450056 0.023494166007556883
halfcircle 40 0.1725451145032598 0.034377936162621324
halfcircle 45 0.17498312653150366 0.03813059210400049
halfcircle 50 0.17384368351456475 0.03700624691660461
halfcircle 55 0.16558231147904795 0.04168006992332758
halfcircle 60 0.16691614471902388 0.040562135382463296
halfcircle 65 0.16749933831944233 0.04238342766160342
halfcircle 70 0.1672114078982721 0.04258894161280948
halfcircle 75 0.1634088578929142 0.03291391820396898
halfcircle 80 0.16381430150978132 0.03244639452548441
halfcircle 85 0.16364091893618954 0.009899633424308104
halfcircle 90 0.16364584090644635 0.009902738243466522
halfcircle 95 0.1636493784344079 0.00990077748826325
halfcircle 100 0.137021012090232 -0.013497776542192755
halfcircle 105 0.13662704924258448 -0.014183482194536166
halfcircle 110 0.12960562752954938 -0.04011497506486088
halfcircle 115 0.1301336136200852 -0.044154485320727174
halfcircle 120 0.1332601886068671 -0.06270377756118564
halfcircle 125 0.13684712043275418 -0.06450175923256586
halfcircle 130 0.1461223302021391 -0.06553094929959538
halfcircle 135 0.14933570345709832 -0.07064076153144774
halfcircle 140 0.1535506326806237 -0.0753607782841998
halfcircle 145 0.1661704518068401 -0.060483142031255474
halfcircle 150 0.1738806270826289 -0.06279365319233562
halfcircle 155 0.18118071817561063 -0.05712773979611999
halfcircle 160 0.180552261360365 -0.05368166218735907
halfcircle 165 0.19472651709420646 -0.04720048422330927
halfcircle 170 0.19128972193189323 -0.029496717739565602
halfcircle 175 0.19831850170098853 -0.0171863275786347
halfcircle 180 0.19487341525224072 6.56521435964506e-05
triangle 0 0.157830539991733 -0.0008408916930480818
triangle 5 0.15789162224079306 0.005133347318290673
triangle 10 0.15626728548088148 -0.00134754143327584
triangle 15 0.16156690182624783 0.0009363226864979107
triangle 20 0.1658366879654409 -0.0007067142629070612
triangle 25 0.16770407946666688 0.00963791606716755
triangle 30 0.18492831683741756 0.013366665539347738
triangle 35 0.18390177583839257 0.014469439417298691
triangle 40 0.18541198295335734 0.032254607279901856
triangle 45 0.20463218193591107 0.022150058664343223
triangle 50 0.2029973953620483 0.04082294894734016
triangle 55 0.19411080126671923 0.0326602137992426
triangle 60 0.19153377085194592 0.03117220747579432
triangle 65 0.1875493639024523 0.03879953653035327
triangle 70 0.17902137572317134 0.02915081685529618
triangle 75 0.1769013943134452 0.029635643563375797
triangle 80 0.17245810514053872 0.03605617446664609
triangle 85 0.1747468441036428 0.026895064737442177
triangle 90 0.1650855605015589 0.017203474581233717
triangle 95 0.16271080230575702 0.007331451279917306
triangle 100 0.13022005484474394 -0.00228430511319614
triangle 105 0.13165843537731556 0.0020245147712593314
triangle 110 0.12757319741902143 -0.019339053780120952
triangle 115 0.12702789608483817 -0.042721956931684436
triangle 120 0.13849073800032594 -0.05462117031780138
triangle 125 0.14318239889160594 -0.05672569648828061
triangle 130 0.1616188669831533 -0.06856690499437101
triangle 135 0.16473233246411434 -0.07986392201736926
triangle 140 0.16760164243605585 -0.0772054706720831
triangle 145 0.18183467251268828 -0.07043466097837625
triangle 150 0.18379293487537457 -0.07049071060163334
triangle 155 0.1897665305231268 -0.06240278172462528
triangle 160 0.19308690254743402 -0.049380119034513434
triangle 165 0.2015931000621675 -0.03403654828498749
triangle 170 0.2057491268733162 -0.03805987140096555
triangle 175 0.20723105088968247 -0.0007569080416420318
triangle 180 0.20740580506034584 9.931845353166699e-05
moon 0 0.1618205274500286 -0.0009265918725136598
moon 5 0.16158494976953436 0.004083456706240865
moon 10 0.16262725810962014 0.002082014956304991
moon 15 0.16867207193827632 0.014032881906165523
moon 20 0.16815301062068447 0.020462005433422182
moon 25 0.17070916852586238 0.01816253693459915
moon 30 0.17129945452357953 0.02307871174485609
moon 35 0.172116224339201 0.021747760287864733
moon 40 0.174448184258775 0.03271908105162902
moon 45 0.17798426562726274 0.035770999615745355
moon 50 0.1771284076133009 0.034803031691698315
moon 55 0.1731438696029332 0.03975322117512116
moon 60 0.1730713613068909 0.03860373570006882
moon 65 0.17612902051751742 0.04060400130368165
moon 70 0.17628192476241705 0.04154596594436764
moon 75 0.17449060128673555 0.032170021442579064
moon 80 0.17449518892120292 0.032174310566336795
moon 85 0.18024850655023014 0.00778439988445104
moon 90 0.18025648759174376 0.007792431660952737
moon 95 0.18024943928282774 0.00778613616239045
moon 100 0.15124587038231949 -0.01636053076090154
moon 105 0.15123828114924565 -0.01637075043231618
moon 110 0.1464729506945655 -0.04297378260177171
moon 115 0.14626100075151213 -0.045773083961800895
moon 120 0.1465921474924618 -0.06229742831108045
moon 125 0.14947827062147204 -0.06257646366620132
moon 130 0.15909583190495627 -0.06641114838633473
moon 135 0.161973266686712 -0.06919642861370098
moon 140 0.16364540228345062 -0.07739641241562496
moon 145 0.17597684517714413 -0.05994060265517098
moon 150 0.17893138969166916 -0.06147581060696774
moon 155 0.1860732952007065 -0.05526918128124294
moon 160 0.18583256789641128 -0.05445044619354358
moon 165 0.19816925419773673 -0.047987380190580534
moon 170 0.19613699166039097 -0.03132491483383708
moon 175 0.19990976175882327 -0.016851530271536526
moon 180 0.1973007987735546 4.2666846484249666e-05
bullet 0 0.15127729677342608 -0.0014144991206564456
bullet 5 0.15093414450814807 -0.0054412229588613
bullet 10 0.14416319753102264 -0.014199443145955263
bullet 15 0.1442888165969203 -0.015869464182273113
bullet 20 0.14562851052798614 -0.017869783150046704
bullet 25 0.14398562580115487 -0.028344584661142376
bullet 30 0.14611886456070527 -0.02410166635168734
bullet 35 0.1478088473727867 -0.0246008921904211
bullet 40 0.14950116370428432 -0.020373828768864004
bullet 45 0.15171490546528069 -0.018538536263062653
bullet 50 0.15347265910540492 -0.014838069513800295
bullet 55 0.15781873997866083 -0.007716466789333831
bullet 60 0.15749884479801524 -2.1827230014646435e-05
bullet 65 0.15725679095162998 -0.0001607929480507506
bullet 70 0.16312269641211413 0.007423390179819455
bullet 75 0.1623420079702787 0.010743113536214235
bullet 80 0.17069045102093988 0.015831761493306874
bullet 85 0.1637877064832008 0.012396996146986573
bullet 90 0.17062900077796425 0.016881210725303998
bullet 95 0.16082638495989077 0.009712833744513465
bullet 100 0.15362078827086928 0.013208466883623145
bullet 105 0.14841354465719903 0.007844762500002095
bullet 110 0.14654060276133868 0.0032197102569902956
bullet 115 0.1387063410225577 -0.0061469145592994824
bullet 120 0.13816337865679573 -0.00968661334572105
bullet 125 0.1389047950270648 -0.012973688763670716
bullet 130 0.13889469352486275 -0.01900051523649235
bullet 135 0.13961925626179023 -0.02217279715192977
bullet 140 0.14283567220360788 -0.02161777621386446
bullet 145 0.1494306333296953 -0.025390463359562153
bullet 150 0.14939114221869473 -0.018818562701754395
bullet 155 0.15242062723004654 -0.027498249547368275
bullet 160 0.16461385093718037 -0.01649224452285514
bullet 165 0.16710982171998526 -0.01498280728860816
bullet 170 0.18176555488600685 -0.014401811902039482
bullet 175 0.17397805902588753 -0.002593027753674501
bullet 180 0.19125029963421156 -0.000392908010346663
