circle 0 0.07412670296156619 -0.00042389580521581805
rect 0 0.09218539007861773 -0.0005475372443445704
rect 5 0.0832633174371633 -0.002334192015282421
rect 10 0.08357017101522313 -0.0019410543543336215
rect 15 0.07710049341712853 -0.002311163214331468
rect 20 0.07677715737398104 -0.0028622624318246854
rect 25 0.07069525407926791 -0.00446057498713267
rect 30 0.07081215573062165 -0.006497617579877252
rect 35 0.07223123834616943 -0.002343761186292654
rect 40 0.07033826011108912 -0.002041844473093568
rect 45 0.07035278472862638 -0.0007005728169959312
halfcircle 0 0.07851652007445385 -0.000478856826251578
halfcircle 5 0.07846366938068905 0.0019325927564159018
halfcircle 10 0.07883458532326518 0.00045030059847574465
halfcircle 15 0.08186098183479226 0.006707414152134555
halfcircle 20 0.0814761931726741 0.009130244676089968
halfcircle 25 0.08236990221920179 0.008566351263158457
halfcircle 30 0.0828739861085985 0.010597179208516284
halfcircle 35 0.08334851260248645 0.009197857232742157
halfcircle 40 0.08414145964298839 0.01545269786384928
halfcircle 45 0.08556755105044948 0.01712197717383715
halfcircle 50 0.08524344360246452 0.016808652927776644
halfcircle 55 0.08089619214960161 0.020576950870327397
halfcircle 60 0.08160608758529173 0.02038034554673506
halfcircle 65 0.08205832712953189 0.022298116007402925
halfcircle 70 0.08184205417886323 0.022596906137832492
halfcircle 75 0.07920173580408499 0.018258756211684678
halfcircle 80 0.0793172497362219 0.017955221417130927
halfcircle 85 0.07825182166072245 0.006326311684123781
halfcircle 90 0.07825260876507126 0.0063271619680207326
halfcircle 95 0.0782638515823093 0.006325383874328794
halfcircle 100 0.06508855808556327 -0.007141072099663931
halfcircle 105 0.06498754381603035 -0.00770628148956307
halfcircle 110 0.06204607232852376 -0.02187752395655889
halfcircle 115 0.0626474076465652 -0.024356762534241128
halfcircle 120 0.06457779540642695 -0.034687784633625936
halfcircle 125 0.06664919380438125 -0.036029464738758524
halfcircle 130 0.07120212556006032 -0.03571975934948511
halfcircle 135 0.07326458213221668 -0.03912645050013512
halfcircle 140 0.07548549442776739 -0.041338455469305355
halfcircle 145 0.08185727089341358 -0.033497877672890294
halfcircle 150 0.08610244285313251 -0.0352021322969409
halfcircle 155 0.08978212586508774 -0.031569869445375306
halfcircle 160 0.0893042449274171 -0.0289952535430408
halfcircle 165 0.0971641069302195 -0.02637495131348939
halfcircle 170 0.09503698214619972 -0.016620877200409535
halfcircle 175 0.09894607807366226 -0.009122344087734689
halfcircle 180 0.09692576904443899 5.9236411867752414e-05
triangle 0 0.07607938562949369 -0.0004295022796458714
triangle 5 0.0763139171491515 0.0027919762819736405
triangle 10 0.07561623810844441 -0.002393264459892408
triangle 15 0.07772035889863235 -0.00102859392896858
triangle 20 0.08013750805955068 -0.002857525264606648
triangle 25 0.08084385563152861 0.002798078982143942
triangle 30 0.08979764173491159 0.003892912806810528
triangle 35 0.089068718583567 0.004738056163310673
triangle 40 0.09052213163009258 0.01356914255434789
triangle 45 0.09996773574177917 0.008965900218215223
triangle 50 0.1000232234008516 0.018405141487199787
triangle 55 0.09566539489308137 0.01566345958924676
triangle 60 0.0942592296201691 0.014891942608977337
triangle 65 0.09307277097610336 0.020385865878778664
triangle 70 0.08800639100480792 0.015598769700458126
triangle 75 0.08679624753957467 0.016888555370340806
triangle 80 0.08517958253990766 0.02109284390592602
triangle 85 0.08546198372639982 0.01653267144783472
triangle 90 0.07976306881895633 0.010886052723087469
triangle 95 0.07795153763118054 0.005419963539190436
triangle 100 0.06189788683710327 0.0006143960658496872
triangle 105 0.062358943376873956 0.002314553630130428
triangle 110 0.0603244522343219 -0.008858397870641108
triangle 115 0.059890171460642426 -0.023204948412427675
triangle 120 0.06570670269657079 -0.029499369942884286
triangle 125 0.06834489338076397 -0.031001515930111627
triangle 130 0.07773583195288256 -0.03783757644986009
triangle 135 0.08000969024115553 -0.044202346961341385
triangle 140 0.08174845686197316 -0.04194716705835566
triangle 145 0.08901243661048044 -0.03964041177238736
triangle 150 0.08998343253553212 -0.038936106306530924
triangle 155 0.09383791289402024 -0.03459109145273988
triangle 160 0.0951269974208049 -0.02657497893031386
triangle 165 0.09992340170313695 -0.01984608928656962
triangle 170 0.1023888526036705 -0.021048455813958526
triangle 175 0.1029469150317387 -0.0005967813390307274
triangle 180 0.10284837162238902 7.438032751584946e-05
moon 0 0.07813878189940984 -0.0004908772509718219
moon 5 0.07811398330040072 0.001852078219385467
moon 10 0.07848656892451253 -0.00023255711792966033
moon 15 0.08151009968036138 0.00619236866425521
moon 20 0.08134590845478241 0.008463891642673582
moon 25 0.08254313853104975 0.007087337511311131
moon 30 0.0829764201042105 0.009325847088402808
moon 35 0.08345298273525448 0.008338723218100185
moon 40 0.08471045441346747 0.014736487076721701
moon 45 0.08657967015311761 0.01598051092123707
moon 50 0.08640813487178664 0.01575624048061202
moon 55 0.0842851382958891 0.0195338504019816
moon 60 0.08421041728421666 0.019468034125555648
moon 65 0.08562048601912121 0.021672108454370738
moon 70 0.08576889149496461 0.022252799807609115
moon 75 0.08403773733310428 0.018153459898188194
moon 80 0.08403954342772957 0.018146923797308753
moon 85 0.08559834944497884 0.004911716511403081
moon 90 0.08557387673662234 0.0049083715864898115
moon 95 0.08559077801217527 0.004915972561800359
moon 100 0.07174017113647167 -0.010031634750013774
moon 105 0.07173811789989779 -0.010026492651544486
moon 110 0.07000447269244536 -0.025026217233189853
moon 115 0.07063889775922143 -0.027427529013261363
moon 120 0.07118281792044936 -0.03611181192162634
moon 125 0.07289831005295785 -0.0364354081732503
moon 130 0.07780253592652545 -0.038015104205120685
moon 135 0.07970610475628928 -0.040132350842972446
moon 140 0.08097487128993622 -0.044299223797159074
moon 145 0.0871566596469875 -0.034840407099344724
moon 150 0.0888236232656083 -0.035352637157400016
moon 155 0.09239534309233385 -0.03143632497850301
moon 160 0.09234297644955056 -0.030261463871040985
moon 165 0.09920782999634578 -0.027258830187413104
moon 170 0.09783155042357075 -0.018140452965987965
moon 175 0.10001632762058037 -0.009086726933752636
moon 180 0.09841650199829133 6.124836312537685e-05
bullet 0 0.07207689986760223 -0.0007653198848548426
bullet 5 0.07230317451766052 -0.003391086941718563
bullet 10 0.06861410790728431 -0.009281128266655054
bullet 15 0.06931571468318912 -0.010348330139171484
bullet 20 0.0700917436044259 -0.011602909608575561
bullet 25 0.06964284479439456 -0.017545533499645327
bullet 30 0.07098669160528912 -0.015690771413189884
bullet 35 0.07198132183441733 -0.01597279643103027
bullet 40 0.07320411723233874 -0.013587941637085026
bullet 45 0.07453753734443183 -0.012040316920357497
bullet 50 0.07553699211317864 -0.009460255064340334
bullet 55 0.07781913895657452 -0.005074914596998653
bullet 60 0.07724198502359911 0.00043016484838445657
bullet 65 0.07707158461375388 0.0005616749837791646
bullet 70 0.07993732823149871 0.005500812675472521
bullet 75 0.07941005138160842 0.0077241301116184645
bullet 80 0.08346571155255784 0.0110622994554271
bullet 85 0.07940792754838824 0.008837737495999792
bullet 90 0.08263137764430431 0.01172246220685265
bullet 95 0.07757326863522297 0.0068378467201704925
bullet 100 0.07384701228452396 0.008594698038567241
bullet 105 0.07143641262583958 0.004993084039480256
bullet 110 0.07061154978549386 0.0021233504266020106
bullet 115 0.06714406840453727 -0.0044181876786629215
bullet 120 0.06715490375882582 -0.006502071259312986
bullet 125 0.0675493301486196 -0.008579197503553541
bullet 130 0.0678733557937365 -0.012227110551453951
bullet 135 0.06839126789920703 -0.013815718348393808
bullet 140 0.0700777639460874 -0.013782998278088899
bullet 145 0.07344186937238836 -0.01590902747823971
bullet 150 0.07315784663689583 -0.011405150668917674
bullet 155 0.07462988237920831 -0.01580512543801563
bullet 160 0.08061206938419453 -0.010173061569393791
bullet 165 0.08174999871740841 -0.009102683996516358
bullet 170 0.08942589986718605 -0.008966823962603763
bullet 175 0.08477237756361121 -0.0013898553453302487
bullet 180 0.09387303322933763 -0.00016978557566721397