circle 0 0.14187813932851404 -0.0007583124381283553
rect 0 0.1776207323038106 -0.0009915093344608703
rect 5 0.16087579057615578 -0.0033204333395559288
rect 10 0.1604933638252412 -0.0023267839813684126
rect 15 0.14795665448310086 -0.002683220176718576
rect 20 0.14698930807973998 -0.003744802681222284
rect 25 0.1348247981809208 -0.005284872164304016
rect 30 0.13452481075735245 -0.008788333060850754
rect 35 0.13653878701079164 -0.0034466578295053
rect 40 0.13264836399268326 -0.002858327847056015
rect 45 0.1324010767712806 -0.0012159865367740092
halfcircle 0 0.15112879884936176 -0.0008582813937816226
halfcircle 5 0.15091498692219465 0.003956327664441815
halfcircle 10 0.15181993458809845 0.002993769451203357
halfcircle 15 0.1574073963694783 0.013988028428662388
halfcircle 20 0.1564297799739583 0.020185840067541594
halfcircle 25 0.15807649773208293 0.0193461269046199
halfcircle 30 0.15877072564092115 0.023475395037898257
halfcircle 35 0.15948786883861493 0.02151771774732506
halfcircle 40 0.16063066841831006 0.031823400321300314
halfcircle 45 0.16294471278477005 0.03529141146631997
halfcircle 50 0.1619236760588291 0.0342850728307015
halfcircle 55 0.1541682183026584 0.038871315534520154
halfcircle 60 0.1554488720090248 0.037900900117200584
halfcircle 65 0.15599949666737525 0.039741419649330464
halfcircle 70 0.15572498522174935 0.03996932433700907
halfcircle 75 0.15205524722690206 0.03099922065245613
halfcircle 80 0.1523838873075661 0.030544056523998653
halfcircle 85 0.15205283799623742 0.00942896614148361
halfcircle 90 0.15206787166597938 0.009430198444113278
halfcircle 95 0.15203495718422497 0.009432198223692182
halfcircle 100 0.12722291190680307 -0.012703287153457577
halfcircle 105 0.12687518478976423 -0.013384200093741616
halfcircle 110 0.12042360180106318 -0.03778096643257472
halfcircle 115 0.12096879416377496 -0.04162822152958646
halfcircle 120 0.12396159011369576 -0.05913434050424178
halfcircle 125 0.12733903746366831 -0.06087359403337468
halfcircle 130 0.1359976179785221 -0.0616943364823225
halfcircle 135 0.13909217391624057 -0.06661538704194743
halfcircle 140 0.1430460088469605 -0.07100186897785078
halfcircle 145 0.1548378336855996 -0.05703491179607352
halfcircle 150 0.16211108651695086 -0.05929164695527035
halfcircle 155 0.16891312812150924 -0.05385379167876504
halfcircle 160 0.16831444052917569 -0.05049963086789026
halfcircle 165 0.18168205468754833 -0.044558516134654225
halfcircle 170 0.17841795546817849 -0.027864332060943558
halfcircle 175 0.18505248227969712 -0.016147337972535643
halfcircle 180 0.18177926512663617 6.385568545316106e-05
triangle 0 0.1467165966254664 -0.000785914153419668
triangle 5 0.14680996898892884 0.004829482631151708
triangle 10 0.14533398718890303 -0.0015527422491107279
triangle 15 0.15017607386865325 0.0006203630869067427
triangle 20 0.15422792656341153 -0.0010851521442654683
triangle 25 0.15593738378404295 0.00865983982672031
triangle 30 0.17208105238615584 0.012016576284682636
triangle 35 0.1710839507279187 0.013107032827655468
triangle 40 0.17265423896013604 0.029707891245248412
triangle 45 0.1905740752300181 0.0203484807458515
triangle 50 0.1892201207631427 0.03781791192953958
triangle 55 0.180911045565249 0.030405016986663824
triangle 60 0.178502879743377 0.029016889890297336
triangle 65 0.174909139396946 0.03640561249891584
triangle 70 0.16680631415204245 0.02739015127177332
triangle 75 0.16478017053489924 0.0280028257278817
triangle 80 0.16073197710098935 0.03415597753758598
triangle 85 0.16267816222160106 0.025595924658573833
triangle 90 0.1535141016711783 0.016422851065413663
triangle 95 0.15121844053965677 0.007120267729053482
triangle 100 0.12087957255762258 -0.0018528735253021179
triangle 105 0.12218686258775777 0.0021012570792000667
triangle 110 0.11836889703560302 -0.017935578661432746
triangle 115 0.11782323532427896 -0.040190407137090114
triangle 120 0.12854213556860478 -0.05135686193746194
triangle 125 0.132959569140531 -0.05339396770660533
triangle 130 0.150186664007472 -0.06458923955490149
triangle 135 0.15325216158485142 -0.07528011481608356
triangle 140 0.1559955452710212 -0.07263950752181829
triangle 145 0.16928150768216127 -0.06648968755565407
triangle 150 0.17113532104930024 -0.06643787793213071
triangle 155 0.1768733540597958 -0.05884094412268872
triangle 160 0.17992920439605958 -0.04643378238423244
triangle 165 0.18796609940465797 -0.03226663330081541
triangle 170 0.1919126761996047 -0.03589636361210371
triangle 175 0.1932545290919217 -0.0007470702721235501
triangle 180 0.1933763523727486 9.561195301609031e-05
moon 0 0.15044312594427128 -0.0008714276827413712
moon 5 0.1502579439595207 0.003781802454617339
moon 10 0.15120540808440275 0.0017229585839982978
moon 15 0.15686047957140484 0.012967769057087719
moon 20 0.15637260745659784 0.018808019031453842
moon 25 0.15876460081380306 0.016626660990538177
moon 30 0.15936972414486947 0.0211912836572026
moon 35 0.16014376248987358 0.01990430984406972
moon 40 0.16234569687968087 0.0303043540016437
moon 45 0.16566309463701967 0.03311766713506521
moon 50 0.16488838643869252 0.0322557061313647
moon 55 0.16117099149253303 0.03708630747798313
moon 60 0.16106435371376113 0.03608918289097314
moon 65 0.16389423861899263 0.03814175704945022
moon 70 0.16406299818811185 0.03902311262487672
moon 75 0.16221457059513011 0.03034051002216891
moon 80 0.1622486150260995 0.030358879462808613
moon 85 0.167357265493772 0.0073957624957903655
moon 90 0.16735939592727497 0.007394560718011435
moon 95 0.16738266943929725 0.007400604524934029
moon 100 0.14040192169824958 -0.01562120359944374
moon 105 0.14039613010786905 -0.015625391461321195
moon 110 0.13606805250475956 -0.04073137445510156
moon 115 0.13598945857314074 -0.043509622265970674
moon 120 0.1363857968438018 -0.05901308265804166
moon 125 0.1391362444771465 -0.05931512044957543
moon 130 0.1481359197434508 -0.06283584044168625
moon 135 0.15090240240912567 -0.06555175702607696
moon 140 0.15254333117956898 -0.07323592516474804
moon 145 0.1640605791484791 -0.056797988698779577
moon 150 0.1668549434223417 -0.0581968177008091
moon 155 0.1735248358799739 -0.05226206526711584
moon 160 0.173328186757778 -0.051374429048997604
moon 165 0.1849641400129331 -0.045381964276412876
moon 170 0.18298316550204954 -0.02967715574868403
moon 175 0.18658349526740794 -0.01585890571040099
moon 180 0.18410645607846066 4.562878385795145e-05
bullet 0 0.14047815824461934 -0.0013378451473337707
bullet 5 0.14022714291440103 -0.005205317186456051
bullet 10 0.1338463526111469 -0.0136448917154465
bullet 15 0.13409021529486695 -0.01524457228876527
bullet 20 0.13539406966365325 -0.017146231017799895
bullet 25 0.13390966880420094 -0.027032731631385847
bullet 30 0.1359594364034284 -0.023115509027154483
bullet 35 0.13756670469331586 -0.023592646754292453
bullet 40 0.1392051795118992 -0.01958136067788033
bullet 45 0.14132052902765305 -0.01775914248511363
bullet 50 0.14299672805839153 -0.014160333898574833
bullet 55 0.14706379736530223 -0.007361089425896273
bullet 60 0.14669797947281313 8.301459294395538e-05
bullet 65 0.14644540358368324 -1.474080886763006e-05
bullet 70 0.1518858525056886 0.007260970575063713
bullet 75 0.15115687925566254 0.010449747991090623
bullet 80 0.15890819287859653 0.015329461631551236
bullet 85 0.15237627718769506 0.01201912634831971
bullet 90 0.1587234780388711 0.016301113744995703
bullet 95 0.14954375926393965 0.009389749725962659
bullet 100 0.14278523271451268 0.012651149494866804
bullet 105 0.13796758100206447 0.007490795121428277
bullet 110 0.13623847599542752 0.0030863045956554687
bullet 115 0.12901401461787176 -0.0059719161587452885
bullet 120 0.12848567012726367 -0.009309936892160166
bullet 125 0.1292134195217231 -0.012450380080114008
bullet 130 0.12924538382093914 -0.018185102886174344
bullet 135 0.12994932776385987 -0.021136740855853896
bullet 140 0.13296252425490135 -0.020651105823049794
bullet 145 0.1391277749805018 -0.024214742376622023
bullet 150 0.13905258747910326 -0.017878487394416935
bullet 155 0.14186621144954964 -0.025995998011012773
bullet 160 0.15324572395223307 -0.015693027825448597
bullet 165 0.15557018605751277 -0.014235397075873355
bullet 170 0.1692949408706644 -0.01371375090294607
bullet 175 0.16187866140127277 -0.0024357847154114153
bullet 180 0.17808380485655811 -0.000361646521003919
