circle 0 0.07738661197035537 -0.00044046889129707755
rect 0 0.096304946449135 -0.0005735683282249291
rect 5 0.08700627493589838 -0.002395216583667697
rect 10 0.08727237938382056 -0.001993888966746265
rect 15 0.08052484842714977 -0.0023662572589983966
rect 20 0.08017363018872359 -0.0029499466391050074
rect 25 0.07379921677758286 -0.004543962731841963
rect 30 0.07390740450232967 -0.006661769308955715
rect 35 0.07536069516263902 -0.0024248120057178543
rect 40 0.07337979947869773 -0.0021007418863143923
rect 45 0.07337691690248338 -0.0007252867997161234
halfcircle 0 0.08200974675952041 -0.0005009818012761686
halfcircle 5 0.08195720970482209 0.0020262724843050682
halfcircle 10 0.08234464483971984 0.0005537170603529603
halfcircle 15 0.0855062352777565 0.0070541172830300885
halfcircle 20 0.08510944158416237 0.009643961914069186
halfcircle 25 0.08603905722196133 0.00906917471308864
halfcircle 30 0.08655562778629342 0.011210084600722276
halfcircle 35 0.08703822858299168 0.009771642902574342
halfcircle 40 0.08786610754667136 0.016237994780041932
halfcircle 45 0.08932868970339322 0.01799932598377516
halfcircle 50 0.08897452492991566 0.017656024573215155
halfcircle 55 0.08445631168664999 0.021482231342145712
halfcircle 60 0.08520206944051509 0.02125330805889522
halfcircle 65 0.08564198270204823 0.023174722760037535
halfcircle 70 0.08543363514692941 0.02346906829632558
halfcircle 75 0.08273071063310475 0.01891137396492886
halfcircle 80 0.0828393422780899 0.018586949601994668
halfcircle 85 0.08180666298457814 0.006479177705404918
halfcircle 90 0.08180072876093107 0.006480897557082428
halfcircle 95 0.08179756680587524 0.006479578672849559
halfcircle 100 0.06807646343214038 -0.007434958092032445
halfcircle 105 0.06794523639553154 -0.008009314469617158
halfcircle 110 0.06484867235583688 -0.02270083661311595
halfcircle 115 0.06544881901016676 -0.025257407448950116
halfcircle 120 0.06744407092071583 -0.03595056230496367
halfcircle 125 0.06958361360108686 -0.03731750101633462
halfcircle 130 0.07434200474337298 -0.037061595903243524
halfcircle 135 0.07647468787686731 -0.04055445505591487
halfcircle 140 0.07879038600721691 -0.04287426898593642
halfcircle 145 0.08541437173099653 -0.03471818493848812
halfcircle 150 0.08982294630963572 -0.03646073393243543
halfcircle 155 0.09364512124589042 -0.03272612803855511
halfcircle 160 0.09317385836187468 -0.030103667259550652
halfcircle 165 0.1013086665656608 -0.02732384200911591
halfcircle 170 0.09911809225561977 -0.017208427029236868
halfcircle 175 0.10318476996827822 -0.009481926129665766
halfcircle 180 0.1010954105589901 5.934636456586281e-05
triangle 0 0.07948361924228173 -0.00045097302158815967
triangle 5 0.0796973991567648 0.0028955456611447035
triangle 10 0.07898501287612261 -0.0023785199202862326
triangle 15 0.08120048922174027 -0.0009666502529697164
triangle 20 0.08370415908427822 -0.0028089144393063357
triangle 25 0.08446313361908624 0.003056350387113823
triangle 30 0.09377856366144535 0.004260370742193184
triangle 35 0.09304178404679776 0.005123030250390542
triangle 40 0.09450581060430494 0.014341601098198865
triangle 45 0.10439624031019443 0.009510121814771216
triangle 50 0.10440700223605766 0.019351747697525262
triangle 55 0.09981063100151069 0.016390824869456457
triangle 60 0.09838298267699974 0.015589174742605355
triangle 65 0.09707179719664812 0.021193595338886262
triangle 70 0.09185311029053803 0.01619891917579406
triangle 75 0.09058082144847854 0.01746018101056084
triangle 80 0.0888938951656283 0.021777488203897556
triangle 85 0.08919876096792832 0.017004832501787116
triangle 90 0.08331283300890521 0.011185390687681696
triangle 95 0.08147931519895298 0.005524648702729647
triangle 100 0.06472115764140132 0.0005064455518236633
triangle 105 0.06521197055638908 0.0023178232212657393
triangle 110 0.06309481823967877 -0.009306207276506996
triangle 115 0.06264894159000711 -0.024077824626093033
triangle 120 0.06869888401852739 -0.0306069101412833
triangle 125 0.07143123501146577 -0.03214475426758339
triangle 130 0.08123187922080313 -0.03921216117132058
triangle 135 0.08352973666219674 -0.045791165046776036
triangle 140 0.08534184394374847 -0.043508522994724956
triangle 145 0.09291204810464884 -0.04103636531702155
triangle 150 0.09391187402411474 -0.040351485772286824
triangle 155 0.0978666158844941 -0.035841646995715806
triangle 160 0.09925677947840003 -0.02759076397016864
triangle 165 0.1042447202346866 -0.0205128486567849
triangle 170 0.10676939316960592 -0.02182252028258475
triangle 175 0.10736410711272734 -0.0006085350206663442
triangle 180 0.10728184813957116 7.51381232823469e-05
moon 0 0.08162918009893791 -0.0005068394443078711
moon 5 0.08159134522357948 0.0019414271170014635
moon 10 0.08198364327584697 -0.00015721304351611537
moon 15 0.08513402286568596 0.006515171146964785
moon 20 0.08497158254157655 0.008958705563572106
moon 25 0.08621567231830071 0.0075267142807499505
moon 30 0.08665101883455585 0.009886629556128786
moon 35 0.08716251037945086 0.008879913520152941
moon 40 0.08846506657797151 0.01548554968250435
moon 45 0.09041928392110796 0.016813652214541737
moon 50 0.09021559503526012 0.016562262899356143
moon 55 0.08802747107555935 0.020405560162508274
moon 60 0.08794142698882461 0.020303065074961123
moon 65 0.08940605929500992 0.02250465601359549
moon 70 0.0895689129508106 0.023101100964126646
moon 75 0.08781355003950522 0.018771206645108503
moon 80 0.08779915129752251 0.01876893931329845
moon 85 0.08949197468530486 0.005027440697853486
moon 90 0.08949644655485325 0.005034109128680219
moon 95 0.08950734842668776 0.005032748322030519
moon 100 0.07503706095691891 -0.010342280418837446
moon 105 0.07502771581867593 -0.010348769571274005
moon 110 0.07317928258389286 -0.025864876149065193
moon 115 0.07377405057195585 -0.028290700056196594
moon 120 0.07433485772543237 -0.03733131629696855
moon 125 0.07610183759014921 -0.037656712554910654
moon 130 0.08121103945259733 -0.03932148292152724
moon 135 0.08317104093195873 -0.041476273970314434
moon 140 0.08446720957594867 -0.04582426595941409
moon 145 0.09090651362976745 -0.03600094603624895
moon 150 0.09264548789846828 -0.03656796249529005
moon 155 0.09635768298157296 -0.03253306569442373
moon 160 0.09631057617343938 -0.03135861465516504
moon 165 0.10341930574599818 -0.028212620845443535
moon 170 0.10201646477631474 -0.018753967478974225
moon 175 0.10428387969776413 -0.009435240419044979
moon 180 0.1026331908058404 6.183247262525271e-05
bullet 0 0.0753571647368787 -0.0007978835627970549
bullet 5 0.0755798303595536 -0.003501415389486157
bullet 10 0.07173405923302877 -0.009535119798610898
bullet 15 0.07243436856335414 -0.010632325943439106
bullet 20 0.07324428838418703 -0.011922968309245257
bullet 25 0.07275120246587355 -0.018072019771072412
bullet 30 0.07413631863111805 -0.01611123119017694
bullet 35 0.07514841164929129 -0.01641123816942993
bullet 40 0.0764034122799995 -0.013930446763662804
bullet 45 0.07778945299505811 -0.012360931839602357
bullet 50 0.07883544536363599 -0.009711653187144526
bullet 55 0.08120765217737327 -0.005187505418681604
bullet 60 0.08061001909832899 0.0004281240647461602
bullet 65 0.08044651076199695 0.0005505604719390863
bullet 70 0.08344235881216464 0.005625392728449476
bullet 75 0.08288685555848128 0.00790549023988597
bullet 80 0.08711517359298562 0.01132034221243664
bullet 85 0.08295627646228172 0.009036614035776883
bullet 90 0.08631838820994517 0.011997642081852635
bullet 95 0.08104361698101535 0.00698494392573744
bullet 100 0.07716854455398688 0.008819336688431028
bullet 105 0.07466485959306376 0.005128328105975527
bullet 110 0.07377966941805345 0.0021699575323613314
bullet 115 0.0701228205288473 -0.004518700791107949
bullet 120 0.07011311056605653 -0.0066771602126432265
bullet 125 0.07052887732913252 -0.008793287396454932
bullet 130 0.07084534425720171 -0.012563974841203316
bullet 135 0.07137538749293429 -0.014220292667218356
bullet 140 0.0731255148692396 -0.01415967134321531
bullet 145 0.07663865020961877 -0.016366399035358657
bullet 150 0.07636159532995514 -0.011744975783132387
bullet 155 0.07789457581523074 -0.016338426636331636
bullet 160 0.08413475374899518 -0.010463585927049617
bullet 165 0.0853477803721352 -0.009370741723491994
bullet 170 0.09331564689040872 -0.009215711997736766
bullet 175 0.08852168279200132 -0.0014462146419450467
bullet 180 0.09797874015698352 -0.0001769873775520356
