circle 0 0.1645053221854898 -0.0008618611708676993
rect 0 0.20633947485222265 -0.0011166816378717502
rect 5 0.18696015765523516 -0.0035338094339840906
rect 10 0.18632662223391144 -0.002240049549776964
rect 15 0.1716792284545119 -0.002588417490847406
rect 20 0.1704976497179449 -0.003791769781627866
rect 25 0.15628752286587594 -0.005289362202881487
rect 30 0.15581167605989704 -0.009257231656779585
rect 35 0.1579375215008195 -0.0036017512490085974
rect 40 0.15336163358516686 -0.0029951610730679238
rect 45 0.15299420597460137 -0.0013884890127998822
halfcircle 0 0.17555972760355448 -0.0009749157212115056
halfcircle 5 0.17522668106051742 0.004634045022774874
halfcircle 10 0.17633631221999274 0.003967644794485045
halfcircle 15 0.18277349373954513 0.01645722961742155
halfcircle 20 0.18154287661427942 0.023984924330142744
halfcircle 25 0.18338320575914377 0.023052840148554223
halfcircle 30 0.1841230248259103 0.02788207143718092
halfcircle 35 0.18484787969882205 0.025764513891672676
halfcircle 40 0.18608899660966266 0.03729720708714692
halfcircle 45 0.18866984612101095 0.0413671619833109
halfcircle 50 0.18738163528880952 0.04009214794752123
halfcircle 55 0.17852795562104423 0.04485105340632168
halfcircle 60 0.17997721258023638 0.04358761258055112
halfcircle 65 0.1805670519341435 0.04536442550750326
halfcircle 70 0.18029633897968494 0.045564525851906554
halfcircle 75 0.17638279140432817 0.03507594173626539
halfcircle 80 0.17683617879039337 0.034598647188599785
halfcircle 85 0.1768558192899576 0.01042967584878968
halfcircle 90 0.17686655607934057 0.010437438310378258
halfcircle 95 0.17686363495721408 0.010430394634583352
halfcircle 100 0.14818975034740164 -0.014387630678681342
halfcircle 105 0.14776320629763043 -0.015084566365517277
halfcircle 110 0.14007148951655296 -0.042731132163939714
halfcircle 115 0.14058448870212542 -0.046974648791990294
halfcircle 120 0.14387088703287196 -0.06672286092671009
halfcircle 125 0.14765585153735805 -0.06856188972547246
halfcircle 130 0.15764279242325285 -0.06984776242462962
halfcircle 135 0.16099739420477813 -0.07516252147798293
halfcircle 140 0.1655005602799238 -0.08025713454554464
halfcircle 145 0.17906516914341533 -0.06434736922707643
halfcircle 150 0.1872665629459953 -0.06673137108741778
halfcircle 155 0.19510940954698014 -0.06080104786642636
halfcircle 160 0.19443262955088822 -0.05725784541032194
halfcircle 165 0.20954729958042426 -0.05016545661110513
halfcircle 170 0.20590315037328702 -0.03131581447964664
halfcircle 175 0.2133796663927801 -0.01835654826361354
halfcircle 180 0.20975871789982695 6.401719903824997e-05
triangle 0 0.1705039317587449 -0.0009029429200228953
triangle 5 0.1705236824013267 0.005481467870562557
triangle 10 0.16875198684681242 -0.0011027124985024572
triangle 15 0.174580637616158 0.0013092545323901063
triangle 20 0.17909682593088522 -0.00026121784506052666
triangle 25 0.18109262531575054 0.01076603093862204
triangle 30 0.19951309818709764 0.01491266635827795
triangle 35 0.19844706233624218 0.01603866738417569
triangle 40 0.19990627310793488 0.03514658271227626
triangle 45 0.22062373505185756 0.024212338523762776
triangle 50 0.21865004789923423 0.044238731058678156
triangle 55 0.20908221545017708 0.0352142582379818
triangle 60 0.20637240048947306 0.033628060181364924
triangle 65 0.2018997845650134 0.041496975114832926
triangle 70 0.19291803179441874 0.031134299512531976
triangle 75 0.19067419309088302 0.031464041328636796
triangle 80 0.1857555620185005 0.03818551586997755
triangle 85 0.1884579110290661 0.02833007982537631
triangle 90 0.17825464623127307 0.018053061010654507
triangle 95 0.17579568587972022 0.00754821481491796
triangle 100 0.14084330621849642 -0.0027910917266116557
triangle 105 0.14247122997695616 0.0019322478455227224
triangle 110 0.13808241211297895 -0.02093963021710246
triangle 115 0.137537715720007 -0.045568044830479645
triangle 120 0.14985302528190575 -0.058304877827385505
triangle 125 0.15484067149205966 -0.060479686564335874
triangle 130 0.1746236199463374 -0.07303616867553524
triangle 135 0.17785528538685821 -0.08503779497694489
triangle 140 0.18084407418328913 -0.08235858933952676
triangle 145 0.19609987591577754 -0.07485172004020661
triangle 150 0.1982407734989464 -0.07505888086172095
triangle 155 0.20444645213543805 -0.06640119779229389
triangle 160 0.2080818963062389 -0.05270499581723206
triangle 165 0.21710833487708864 -0.03601596529556407
triangle 170 0.22144716810888446 -0.040487452294476305
triangle 175 0.2230709000533361 -0.0007649723189700455
triangle 180 0.22331968759640836 9.960121425697513e-05
moon 0 0.1747801798129089 -0.0009926290428833708
moon 5 0.17449042191945413 0.004420709841430127
moon 10 0.17565898312405182 0.0024961486604044006
moon 15 0.18214820958226047 0.015252426215444198
moon 20 0.1815389878818625 0.02234236057747158
moon 25 0.18431725055555076 0.01992170830207895
moon 30 0.18492410767156064 0.02524829986900868
moon 35 0.18578949988209598 0.023864346076196273
moon 40 0.1882359233189705 0.03545935387469279
moon 45 0.19201982775065923 0.03880308749924295
moon 50 0.19103430882648004 0.037691995587718644
moon 55 0.1867781481428661 0.042769565197318574
moon 60 0.18671746351842342 0.04143683852841838
moon 65 0.19000521168940604 0.04339288200763171
moon 70 0.19019751607713425 0.04439832531395398
moon 75 0.18845138323693916 0.034231493196889604
moon 80 0.18846329552214217 0.03423500228017571
moon 85 0.19493507451439446 0.008235385781754225
moon 90 0.1949408257471434 0.008238881934352491
moon 95 0.1949488250157509 0.008238160866903686
moon 100 0.163620342235613 -0.01719163849889099
moon 105 0.16362121553843362 -0.017181547956276067
moon 110 0.15832683220910668 -0.045476218111404995
moon 115 0.1579645932579849 -0.04829614182872232
moon 120 0.15822067537326984 -0.06596409006797363
moon 125 0.1612782043911834 -0.06623899446136469
moon 130 0.1715793737580312 -0.07042964404412237
moon 135 0.17456626368412567 -0.07326786422679096
moon 140 0.17626750910670855 -0.08205363341310024
moon 145 0.18953438693163574 -0.06344610958179549
moon 150 0.19264684436713514 -0.06513552810449062
moon 155 0.200338620036129 -0.05864217933004086
moon 160 0.20005618631741937 -0.05790693909789422
moon 165 0.21316059154532468 -0.05090001797981657
moon 170 0.21104066479016076 -0.03315875947399931
moon 175 0.21503855298213873 -0.01796813389755864
moon 180 0.2122973141389703 3.748136025124849e-05
bullet 0 0.16360222913030387 -0.0015177257377767595
bullet 5 0.16312982000291057 -0.005710171578571127
bullet 10 0.15593200819575204 -0.01482286641612077
bullet 15 0.15587991878122565 -0.016565893060434954
bullet 20 0.15734746506884445 -0.018651500013957552
bullet 25 0.1554654081987708 -0.02977588012150915
bullet 30 0.15768631550643858 -0.025180784596337512
bullet 35 0.15947742727603947 -0.025716146300587557
bullet 40 0.16118028158104017 -0.021243532551055516
bullet 45 0.16353843066889778 -0.019402113761389013
bullet 50 0.16539256019067133 -0.015591937105352806
bullet 55 0.1700582469313827 -0.008126584020391497
bullet 60 0.16981551445677107 -0.0001445772354211061
bullet 65 0.16956075886683353 -0.00032913540318993883
bullet 70 0.17588228914148765 0.007571451709312282
bullet 75 0.17507737663950868 0.011047402805032771
bullet 80 0.18410257543236558 0.016375652222854503
bullet 85 0.17680193629029434 0.012817900020119852
bullet 90 0.18421993621120897 0.017515190231404236
bullet 95 0.17367658577593303 0.010065246172654944
bullet 100 0.1659955341188633 0.013831188619415239
bullet 105 0.16032949114441392 0.008230898977278989
bullet 110 0.1582917809684283 0.0033859623099946516
bullet 115 0.14976809272330155 -0.00635330051952941
bullet 120 0.149123386506175 -0.010084129201438141
bullet 125 0.14995827674212237 -0.01353357575176018
bullet 130 0.1498417584961415 -0.019892186069629086
bullet 135 0.15057027269523984 -0.02329686181668713
bullet 140 0.1540130343412584 -0.022673215873769414
bullet 145 0.16108135399961881 -0.026692352364028372
bullet 150 0.16109441608571337 -0.019849296607738882
bullet 155 0.16435947841708895 -0.029175572626570685
bullet 160 0.17749836709817196 -0.017384115723717036
bullet 165 0.180222316265119 -0.0158156649038737
bullet 170 0.19594497985163112 -0.015161618641676889
bullet 175 0.18766218559921954 -0.002778246956133803
bullet 180 0.20617307581260885 -0.0004224535587500201
