circle 0 0.07973808250119527 -0.0004443427371734491
rect 0 0.09923096842191188 -0.0005832734129208067
rect 5 0.08967223512400736 -0.002439189571083403
rect 10 0.0899138668415579 -0.002030068975345984
rect 15 0.08296009448225412 -0.002400301565680958
rect 20 0.08259264592113565 -0.002999231864475798
rect 25 0.07600406439802584 -0.004595224256918711
rect 30 0.07610863246786582 -0.00676472617695348
rect 35 0.07759043989085324 -0.0024909757679431395
rect 40 0.0755346294715272 -0.0021429064035808935
rect 45 0.0755309391108775 -0.0007498054328617329
halfcircle 0 0.08449917497514112 -0.0005140978781115132
halfcircle 5 0.08445305668085766 0.0020957975633691664
halfcircle 10 0.0848515463395715 0.0006305256069425505
halfcircle 15 0.0881161761748843 0.007300785216606644
halfcircle 20 0.08767657987402264 0.010007828473096048
halfcircle 25 0.08863934001929563 0.009428566122703801
halfcircle 30 0.08915886080088553 0.011635532837444725
halfcircle 35 0.08965920090781747 0.01017678441735438
halfcircle 40 0.09049288086551051 0.016799682663834088
halfcircle 45 0.09198977956606771 0.01862186320271598
halfcircle 50 0.09162550285162548 0.018259300247919698
halfcircle 55 0.08699217970621388 0.02212632301828076
halfcircle 60 0.08775716520593728 0.02187519910164415
halfcircle 65 0.08820234319846185 0.023789516739727214
halfcircle 70 0.08799268806229768 0.024089819536398237
halfcircle 75 0.0852302499330386 0.019364107634802598
halfcircle 80 0.08534988048298542 0.01903552496830308
halfcircle 85 0.08434584536477976 0.006599221107818204
halfcircle 90 0.08434200035066566 0.00659582419311374
halfcircle 95 0.08432302616225161 0.006591508356463419
halfcircle 100 0.07019579568012682 -0.007646068234374542
halfcircle 105 0.07005021158163595 -0.008223006576211018
halfcircle 110 0.06684074848108348 -0.02327596574716256
halfcircle 115 0.06744905177886604 -0.025884899835534974
halfcircle 120 0.06948299414109936 -0.03684575697559088
halfcircle 125 0.07167193386708912 -0.0382261992111113
halfcircle 130 0.07656909552227086 -0.038001339362514194
halfcircle 135 0.07873884412650656 -0.04155679711184762
halfcircle 140 0.08112769615954149 -0.043955229721045805
halfcircle 145 0.08794533343092979 -0.0355811035574269
halfcircle 150 0.09246225458420113 -0.03734821833754244
halfcircle 155 0.09640663493392766 -0.033541839821657427
halfcircle 160 0.09592397855873701 -0.03088238613501531
halfcircle 165 0.10425264305703985 -0.027994652102528765
halfcircle 170 0.10202517079900005 -0.01762507877788513
halfcircle 175 0.10618908266660303 -0.009735141517686976
halfcircle 180 0.10406185721830272 5.928906320867551e-05
triangle 0 0.08189967275475288 -0.000458321292844738
triangle 5 0.08212354784245791 0.002966464484928602
triangle 10 0.0813646747714486 -0.0023615070677412567
triangle 15 0.08368519379868665 -0.0009272911598719895
triangle 20 0.08625083330997053 -0.002768720097028992
triangle 25 0.08704978656459705 0.0032418444492654927
triangle 30 0.0966237413352947 0.004522974092115129
triangle 35 0.09586960809601361 0.005397582100154308
triangle 40 0.09735000432977944 0.014886989850290074
triangle 45 0.10751281416536114 0.009887240881436204
triangle 50 0.1075036980393406 0.02002241255552285
triangle 55 0.10278718729039797 0.016910482304035735
triangle 60 0.1013083645085883 0.01608687456076227
triangle 65 0.09989877847192796 0.021763957472219576
triangle 70 0.09458146060001937 0.016622950448521363
triangle 75 0.09326622818778452 0.01786255701937716
triangle 80 0.09149379898309853 0.0222540321269806
triangle 85 0.09184951435391739 0.01734637553709239
triangle 90 0.08584312192400571 0.011396548869614321
triangle 95 0.08399278674566225 0.005594619117621104
triangle 100 0.0667173065754487 0.0004248784378200432
triangle 105 0.06724810484355073 0.0023163815545576586
triangle 110 0.06507058723267777 -0.009618805259458406
triangle 115 0.06460842769200734 -0.024685113193784768
triangle 120 0.0708429621550826 -0.03139896583511985
triangle 125 0.07363186773178901 -0.032952496565004874
triangle 130 0.0836955811269255 -0.040173053469059354
triangle 135 0.08604421323751721 -0.046923543318976295
triangle 140 0.0878953164008922 -0.04461796879188519
triangle 145 0.09567494035134462 -0.04201649447171758
triangle 150 0.09671337590774562 -0.04135269500231524
triangle 155 0.10075067714347434 -0.036729293922459674
triangle 160 0.1021883342942751 -0.028309830145486315
triangle 165 0.10728465399086232 -0.020974705582399424
triangle 170 0.10988474833421928 -0.022368667741486048
triangle 175 0.11050234948921352 -0.0006166143420016764
triangle 180 0.11041876299904478 7.642690105513188e-05
moon 0 0.08410952708821398 -0.0005161898795761462
moon 5 0.08407008767075984 0.002012421877368883
moon 10 0.08449498263682453 -9.994441993124276e-05
moon 15 0.08771990028077024 0.006740465476762203
moon 20 0.08755070716498967 0.009301018840879494
moon 25 0.08883012730077802 0.007840929865947466
moon 30 0.08930102595824131 0.010283757537890651
moon 35 0.08981230436164597 0.009273977919641135
moon 40 0.09115650339847328 0.01603046031041966
moon 45 0.09314336025765221 0.017403369324300845
moon 50 0.09293235640211463 0.017142045260788226
moon 55 0.0906650498103527 0.02103111481448783
moon 60 0.09058553434326319 0.020894208320623414
moon 65 0.0921036611518635 0.023092399145620973
moon 70 0.09224780270865132 0.023699514812240172
moon 75 0.09048964212067492 0.019210359398793588
moon 80 0.09049825300727722 0.01921419560356491
moon 85 0.09229992031336695 0.005115377862509053
moon 90 0.09229837875874647 0.0051196123950416495
moon 95 0.0923026048431618 0.00512311497736245
moon 100 0.07736015924091796 -0.010572764696938098
moon 105 0.07737022038433607 -0.010568837426810671
moon 110 0.07544020659703965 -0.026444347804996094
moon 115 0.07602202735734527 -0.028911265700387552
moon 120 0.07657353701178991 -0.038181839040469887
moon 125 0.07838673442201402 -0.038514408913208564
moon 130 0.08364042597416396 -0.04024503443658969
moon 135 0.08562416779967896 -0.04242939588233981
moon 140 0.08695301780391029 -0.046902391970539074
moon 145 0.09356781849280174 -0.03682333493892831
moon 150 0.09535653907746719 -0.03741813612240978
moon 155 0.0991877419943479 -0.03330052929187467
moon 160 0.09913384194877592 -0.032133673900409485
moon 165 0.10642013426430028 -0.02888709961433218
moon 170 0.10498996385973317 -0.019191337385780598
moon 175 0.10731491854901835 -0.009681283879569352
moon 180 0.10562537287066853 6.113679524797238e-05
bullet 0 0.07769306819808244 -0.0008145064016180355
bullet 5 0.07789975496259148 -0.0035745776909500366
bullet 10 0.07396778939295268 -0.009710933849679216
bullet 15 0.07465418374164859 -0.010833543828777242
bullet 20 0.07548068187638071 -0.012147845687572845
bullet 25 0.07495647655167617 -0.018442391162589826
bullet 30 0.07637344126122544 -0.016415424763571697
bullet 35 0.07741830314660754 -0.01671765185800434
bullet 40 0.0787017613314189 -0.014171791293894977
bullet 45 0.08011880789591416 -0.01258487595238548
bullet 50 0.08115968421901484 -0.009888045458460863
bullet 55 0.0836044005476809 -0.0052651187440018055
bullet 60 0.08302481418690996 0.00043132496590622536
bullet 65 0.08282605851412832 0.0005468062916438251
bullet 70 0.08591577005631945 0.005713823129739367
bullet 75 0.08536235426697511 0.008026755767156312
bullet 80 0.08973218599976665 0.011495649792454798
bullet 85 0.08545245696402981 0.009167922015436699
bullet 90 0.08892742482836902 0.012174049693459369
bullet 95 0.08351408840145798 0.007089060482891263
bullet 100 0.07953116901508471 0.0089706876281357
bullet 105 0.07694140582235583 0.005222743040740038
bullet 110 0.07602452276166893 0.00220165541636987
bullet 115 0.07224914222793384 -0.004588032937563824
bullet 120 0.07222543374987675 -0.006783527031234625
bullet 125 0.07265904276970894 -0.008953880504854572
bullet 130 0.07297397615021464 -0.012796770146711062
bullet 135 0.07349858529979435 -0.014503743357015875
bullet 140 0.07529290561696399 -0.014428685345403985
bullet 145 0.07891133916461675 -0.016684523797531634
bullet 150 0.07862160861162185 -0.011989249281454933
bullet 155 0.08021611251052865 -0.016712852840235236
bullet 160 0.08665628694375428 -0.010664041722563192
bullet 165 0.08791175542721644 -0.009566645746841284
bullet 170 0.096072432689001 -0.0093989575948427
bullet 175 0.09119232939035773 -0.0014797030127935895
bullet 180 0.1008927112986274 -0.0001836779934529271
