circle 0 0.07205599491452794 -0.0004095298817262203
rect 0 0.08961456557327144 -0.0005358112660560098
rect 5 0.08094079824541411 -0.0022865260974502368
rect 10 0.08123701156954152 -0.0018991378615891917
rect 15 0.07495680196905022 -0.002276050896681074
rect 20 0.07465607329901494 -0.0028109780372003097
rect 25 0.06874460883119293 -0.004391011605337872
rect 30 0.06887842324781725 -0.006391799049686578
rect 35 0.07027534302129101 -0.0022825867628016826
rect 40 0.06843714522502996 -0.001998890785837538
rect 45 0.06845474503080465 -0.0006798460654598851
halfcircle 0 0.07632319258599994 -0.0004660902756490271
halfcircle 5 0.07627384154963726 0.001869726076481125
halfcircle 10 0.0766321425129722 0.00037961794817464867
halfcircle 15 0.07959500807967942 0.006494818692778623
halfcircle 20 0.07921280040875857 0.008804027804700826
halfcircle 25 0.08007995822576877 0.008255293842645495
halfcircle 30 0.08057376308969497 0.010218866378372979
halfcircle 35 0.08104563538430005 0.008835312988186104
halfcircle 40 0.081821238085548 0.014955963294681551
halfcircle 45 0.08321456178683193 0.01657301965039779
halfcircle 50 0.08289915229457981 0.01626970323655471
halfcircle 55 0.07868209440722615 0.020017325008946346
halfcircle 60 0.07937919334914703 0.019833662747947324
halfcircle 65 0.0798003939289614 0.021743163447442006
halfcircle 70 0.07959958371638519 0.02204601608421403
halfcircle 75 0.07701190921285538 0.01785835868186792
halfcircle 80 0.07710079906568698 0.017550629249913175
halfcircle 85 0.07604845770477306 0.006221770738333232
halfcircle 90 0.07604018706953233 0.006222601469448232
halfcircle 95 0.076038298899854 0.006231862959870785
halfcircle 100 0.06322556250494306 -0.006965390869449544
halfcircle 105 0.06313411745492474 -0.0075232191442457155
halfcircle 110 0.06027807841762678 -0.021353870686738025
halfcircle 115 0.06088415039855608 -0.023790034523312634
halfcircle 120 0.06278844060227018 -0.033885159065112795
halfcircle 125 0.06480625783266833 -0.035207211446359035
halfcircle 130 0.06923737057589556 -0.034883879135782433
halfcircle 135 0.07126344890092437 -0.038226049558873584
halfcircle 140 0.07343989035140519 -0.040377434288182426
halfcircle 145 0.07964030751807348 -0.03273350700526485
halfcircle 150 0.08378351566927364 -0.03441282859379753
halfcircle 155 0.08735580186722139 -0.03084312143827537
halfcircle 160 0.08688747169474972 -0.028304348752317195
halfcircle 165 0.0945582808146683 -0.025775099608342185
halfcircle 170 0.09248551034157519 -0.01625010125616993
halfcircle 175 0.0963093074689507 -0.008897012594265062
halfcircle 180 0.09432435308148876 5.840116753786797e-05
triangle 0 0.0739560316478973 -0.00041823668639513783
triangle 5 0.07418704027705836 0.0027215579004524594
triangle 10 0.07350929537612537 -0.0023992929128811603
triangle 15 0.0755404093155082 -0.0010632556112349543
triangle 20 0.07788879058807777 -0.002883427754083941
triangle 25 0.07857519831753682 0.002636986628985803
triangle 30 0.08729624487405317 0.0036689998840696734
triangle 35 0.08657937058604373 0.004499849760282345
triangle 40 0.08800488353932553 0.01308549969638716
triangle 45 0.097222893851748 0.008634605932304602
triangle 50 0.09731165828759568 0.01781693125514171
triangle 55 0.09303977995591953 0.015203215708448518
triangle 60 0.0916995495899706 0.014453198448616783
triangle 65 0.09055133013887509 0.019872474888531923
triangle 70 0.08559691634868086 0.015222635982416851
triangle 75 0.08442346001059231 0.016526957158877597
triangle 80 0.08288295078040955 0.02066288040595441
triangle 85 0.08310388566678859 0.016218518210050374
triangle 90 0.07753825350192788 0.010695613281581483
triangle 95 0.07575074939827715 0.005356548225536682
triangle 100 0.060125450325324216 0.000671184771316811
triangle 105 0.0605768898680485 0.002307365049860338
triangle 110 0.05860040085194439 -0.008588101036968044
triangle 115 0.058163356164961974 -0.022657481643796697
triangle 120 0.06382399570804638 -0.028795951427129384
triangle 125 0.0664028341369247 -0.03027871653662557
triangle 130 0.07555918984674773 -0.036974719692414705
triangle 135 0.07780752974415202 -0.043198756427637645
triangle 140 0.07950564766654866 -0.040959652584733615
triangle 145 0.08658257153013103 -0.03876441285096395
triangle 150 0.08751488482016467 -0.038044202991082174
triangle 155 0.0913105932497544 -0.03379953619221825
triangle 160 0.09253197725574488 -0.025936397793429516
triangle 165 0.09723177848438298 -0.019429693617868976
triangle 170 0.09964909081053529 -0.020560022789292143
triangle 175 0.10017461473530846 -0.0005890964513375275
triangle 180 0.10006715427994237 7.108978743179864e-05
moon 0 0.07597087742085332 -0.00047799232488608754
moon 5 0.07593307757156333 0.0017977534834987745
moon 10 0.07629176655699067 -0.0002700993981953097
moon 15 0.07923041079773953 0.005992453365313767
moon 20 0.07908857580090031 0.008163649520654915
moon 25 0.08021872421944985 0.006802719427253158
moon 30 0.08064752401684004 0.008982495995881442
moon 35 0.08111748191431224 0.00800558060479842
moon 40 0.08237672352907965 0.014263631736162293
moon 45 0.08418319640589025 0.01545845746640564
moon 50 0.0840033998071029 0.01524523314113368
moon 55 0.08195653433718438 0.018984450936373222
moon 60 0.08188435827233745 0.01893616081094173
moon 65 0.08323824011729215 0.021146238510313834
moon 70 0.08339472205506902 0.021717551357052497
moon 75 0.08168538469333977 0.01776166882271695
moon 80 0.08168704511323732 0.017763280165264926
moon 85 0.08314325403950251 0.004835185254323434
moon 90 0.08313369384859184 0.004832469169269324
moon 95 0.08313924512129324 0.004840584478586371
moon 100 0.06968612999391359 -0.009832420439258246
moon 105 0.06968903089675146 -0.009831214177964811
moon 110 0.06802110509244251 -0.024499346158270686
moon 115 0.06866033605775045 -0.026871783480893134
moon 120 0.0692172190618385 -0.035348710073036985
moon 125 0.0708966804860359 -0.03566798719267501
moon 130 0.07566442054141095 -0.03719465986672439
moon 135 0.07753249031737755 -0.039283508263630876
moon 140 0.07878767645604409 -0.04333184275908482
moon 145 0.08480369270950053 -0.03409581230656307
moon 150 0.08642887532319102 -0.034592600256869846
moon 155 0.08989599583170702 -0.03074346667100659
moon 160 0.08984708105650852 -0.029564214842490284
moon 165 0.09656240443621569 -0.026650533687543033
moon 170 0.09519718693718723 -0.017747609974274138
moon 175 0.09736596721732028 -0.008865912640714225
moon 180 0.09577941867491542 6.202546425069494e-05
bullet 0 0.07001827431208851 -0.0007439362558215736
bullet 5 0.07025843124975462 -0.0033305050950983217
bullet 10 0.06665488976696332 -0.009114406677605446
bullet 15 0.06736254199880713 -0.010162363108091575
bullet 20 0.068121345102055 -0.01139652469094502
bullet 25 0.06770847469752536 -0.017209375142800805
bullet 30 0.0690121481810868 -0.01541296888507678
bullet 35 0.0700008515085743 -0.01569587350872125
bullet 40 0.07120735512110818 -0.01336964956790201
bullet 45 0.07250045334011532 -0.011841105383488131
bullet 50 0.07348658446093284 -0.009295232494264992
bullet 55 0.0757176222657291 -0.004996029873250375
bullet 60 0.07512059185307171 0.0004281215142890582
bullet 65 0.07495900129787603 0.0005628845948098831
bullet 70 0.07774458612537662 0.005415342243964985
bullet 75 0.0772197485838795 0.007609195893759009
bullet 80 0.08118612362627461 0.01088807989373208
bullet 85 0.0772067695672923 0.008717280610365181
bullet 90 0.08033005118504602 0.011555863600537742
bullet 95 0.0754082665024668 0.006748111050760357
bullet 100 0.0717808264114245 0.008461943188301912
bullet 105 0.06944082630188009 0.004914129429539648
bullet 110 0.06863161301807699 0.002091770692627137
bullet 115 0.06528170522248841 -0.004354657503030998
bullet 120 0.06528682255143828 -0.006413027170928317
bullet 125 0.06568214387670034 -0.008431879493777852
bullet 130 0.06600249203408617 -0.012004903498684688
bullet 135 0.06651857490582261 -0.013560037575565415
bullet 140 0.06815940078326774 -0.013537696108231478
bullet 145 0.07144320873564095 -0.015631387949836626
bullet 150 0.07114664353271036 -0.011180703696591464
bullet 155 0.07257619753570689 -0.015475197574596167
bullet 160 0.07840003600676741 -0.009979649039601272
bullet 165 0.07950575039670646 -0.008928471092198593
bullet 170 0.0869737966077019 -0.00880578675193745
bullet 175 0.08243697387714721 -0.001357381023185895
bullet 180 0.09130750534698696 -0.00016295753666633507
