circle 0 0.07010119611832252 -0.0003997168836012986
rect 0 0.08715993491164944 -0.0005208887228595695
rect 5 0.07872688239432757 -0.002248235248660934
rect 10 0.07902797554331464 -0.001869580345284601
rect 15 0.07291725071812091 -0.002236983126588072
rect 20 0.07262952865853164 -0.0027604410765700383
rect 25 0.0669007861197927 -0.004340059102115371
rect 30 0.0670370686768226 -0.006292878983786841
rect 35 0.06840598379238208 -0.00223100052646556
rect 40 0.06661679200586457 -0.001960682566903993
rect 45 0.06664113964251087 -0.0006631757250967752
halfcircle 0 0.07423828672794144 -0.00045779157372771386
halfcircle 5 0.07419313393745712 0.001811202598209958
halfcircle 10 0.07453504929348154 0.0003264894249643397
halfcircle 15 0.07741728007239393 0.006286768862058924
halfcircle 20 0.077030974416011 0.008491083652527731
halfcircle 25 0.07790809569511237 0.007956876913774488
halfcircle 30 0.07840093204875329 0.009865711047215914
halfcircle 35 0.07884181061696038 0.00849449002426615
halfcircle 40 0.07960501185215595 0.014487853342950574
halfcircle 45 0.0809475661910032 0.01604976603138631
halfcircle 50 0.08066538222335322 0.01576325313770719
halfcircle 55 0.07654119097224801 0.019475516122673613
halfcircle 60 0.077230626471233 0.019310328032179917
halfcircle 65 0.07767026095034335 0.02122295925743325
halfcircle 70 0.07746498307165683 0.02152544672333124
halfcircle 75 0.07489773393319203 0.01746815350335245
halfcircle 80 0.07499484693811827 0.017167990204281943
halfcircle 85 0.07392742482381189 0.006132014693900794
halfcircle 90 0.07393340065140776 0.006130896021882831
halfcircle 95 0.07392776541543065 0.00613519078229135
halfcircle 100 0.06146873126020737 -0.0067786407469290055
halfcircle 105 0.061370136520601505 -0.007328392696628161
halfcircle 110 0.058623484286793426 -0.020859094967174256
halfcircle 115 0.05921229776195093 -0.023254302478140428
halfcircle 120 0.06106978031759773 -0.03311921333989604
halfcircle 125 0.06305801601668279 -0.03442188819086893
halfcircle 130 0.06736086423982399 -0.03407926294768291
halfcircle 135 0.06936975536106126 -0.03737284954553201
halfcircle 140 0.07148081325427103 -0.039460248372523994
halfcircle 145 0.07751030398689938 -0.0319923506860008
halfcircle 150 0.0815573853532776 -0.033645667571690414
halfcircle 155 0.08504678322134476 -0.030145438266382142
halfcircle 160 0.08458318318496508 -0.02764008263482658
halfcircle 165 0.0920728623658845 -0.025198786956122203
halfcircle 170 0.09003161782057922 -0.01589066035389519
halfcircle 175 0.09376717112666766 -0.008679985035668924
halfcircle 180 0.09183972580681496 5.915655617119922e-05
triangle 0 0.07193497741184637 -0.0004062424905057962
triangle 5 0.07216738946732894 0.002661435207348694
triangle 10 0.07151748180965808 -0.00240493341245791
triangle 15 0.07346023110134559 -0.0010972846748580026
triangle 20 0.07576053091278588 -0.0029111184801539867
triangle 25 0.07640658387659174 0.0024777429843248085
triangle 30 0.0849119509984118 0.0034587476643155152
triangle 35 0.08421563848066968 0.0042731398651326006
triangle 40 0.08562239440054983 0.01262546594294422
triangle 45 0.0945688265095325 0.008309584430468728
triangle 50 0.09470756330227101 0.017253145920314468
triangle 55 0.09056371934131828 0.014769418233855719
triangle 60 0.08922982343114806 0.014035626242497098
triangle 65 0.08815675384122168 0.019382271728278864
triangle 70 0.0833026165564735 0.014862202631250635
triangle 75 0.0821624053596366 0.016180230865183578
triangle 80 0.08068889921737746 0.020258025259364106
triangle 85 0.0808845427005358 0.01593355875070563
triangle 90 0.07540748629545034 0.01051133892961144
triangle 95 0.07366300651739022 0.00529106668254721
triangle 100 0.058458611871840295 0.0007337224508007157
triangle 105 0.05888733529472012 0.0023056905622956527
triangle 110 0.056954060282671706 -0.00832402266031604
triangle 115 0.05653091025411853 -0.02214118877959791
triangle 120 0.06205423915613508 -0.028137449568070672
triangle 125 0.0645675510112973 -0.029586453566143218
triangle 130 0.07349696065004116 -0.03614737750925549
triangle 135 0.07568593743311705 -0.0422284953691663
triangle 140 0.07736500620526722 -0.04001990821090372
triangle 145 0.08426585603799484 -0.03792196115158979
triangle 150 0.08518017570638944 -0.03719209375953776
triangle 155 0.08889179535760464 -0.03304180379215725
triangle 160 0.09006762380436792 -0.02532428957029311
triangle 165 0.09466362896186262 -0.019027552828020995
triangle 170 0.0970029626431548 -0.020087922311094183
triangle 175 0.09752432417319903 -0.0005792750793017263
triangle 180 0.09743276500187673 6.954957415595243e-05
moon 0 0.07389586210874409 -0.0004661031105611337
moon 5 0.07386637305949548 0.0017413079518957537
moon 10 0.07420530933883218 -0.00031637904860268393
moon 15 0.07706974396609453 0.005802496515177462
moon 20 0.07692565483227294 0.0078723662248784
moon 25 0.078023345669899 0.0065346818840945845
moon 30 0.0784609859161486 0.008649855867093301
moon 35 0.07892161307198121 0.007685788580329899
moon 40 0.08012655212583315 0.013812740404401452
moon 45 0.08188986171529619 0.014969461886716324
moon 50 0.0817381125860053 0.014765862806892877
moon 55 0.07973195779906814 0.018460190186588277
moon 60 0.07966253902084429 0.018436722447286304
moon 65 0.08098546533359718 0.020637787053770694
moon 70 0.08113558391791904 0.021209285605802604
moon 75 0.07944446807628183 0.01739058937860429
moon 80 0.07944358640231704 0.017389137702922088
moon 85 0.08080066068111205 0.004764363857523157
moon 90 0.08080398944232473 0.004764320282346379
moon 95 0.08078178446874325 0.00476163292781273
moon 100 0.0677427453125652 -0.009638500496641488
moon 105 0.06774249244220298 -0.009637626860165869
moon 110 0.06613934267585611 -0.02399948821764173
moon 115 0.06679060272971893 -0.02634630046484866
moon 120 0.06733063396150242 -0.034601884061358536
moon 125 0.06898281046443924 -0.03493479443003305
moon 130 0.07363201528312845 -0.03640143279500445
moon 135 0.07545830583258306 -0.03846047263010526
moon 140 0.07669875448765351 -0.04240303591471761
moon 145 0.0825585752711815 -0.033386645955554684
moon 150 0.08414648536020093 -0.0338543260044216
moon 155 0.08751684849254657 -0.030075005925056984
moon 160 0.08748140367110946 -0.028901787475297414
moon 165 0.09404020094287739 -0.026073032309156217
moon 170 0.09270184653181227 -0.017373586827974175
moon 175 0.09480992632494731 -0.008654763448544567
moon 180 0.09326366763545475 6.159988114061432e-05
bullet 0 0.06807566310423864 -0.0007239868810100588
bullet 5 0.06832385104528063 -0.0032721224123626047
bullet 10 0.06480276178333844 -0.008955778455533291
bullet 15 0.06551993918451691 -0.009990234311518898
bullet 20 0.06625450675542954 -0.011200750554913638
bullet 25 0.06585741869713001 -0.01688957674282291
bullet 30 0.06715290623722094 -0.01515490787856954
bullet 35 0.06809848895546664 -0.01542592375197654
bullet 40 0.06928267768638252 -0.01314772828900938
bullet 45 0.0705691335143476 -0.011639150814274479
bullet 50 0.07152242072104273 -0.009149863936297598
bullet 55 0.07369629218943587 -0.0049318822163243745
bullet 60 0.07311095895279862 0.0004292197205485727
bullet 65 0.07295287286362952 0.0005706241546399635
bullet 70 0.07566768423775137 0.00534128467514518
bullet 75 0.07514269976053332 0.007496057452221915
bullet 80 0.07898867375174713 0.010729122369317194
bullet 85 0.07510883630347584 0.008592609354983852
bullet 90 0.07814892453500041 0.011392891624762551
bullet 95 0.07333892961628022 0.0066562788483812575
bullet 100 0.06979839448169183 0.008322007878738128
bullet 105 0.06754393531324596 0.0048332989738730636
bullet 110 0.06674802239370824 0.0020605485574691175
bullet 115 0.06348281943214909 -0.0042946082734552065
bullet 120 0.06353167385231058 -0.006301884977373507
bullet 125 0.06390874995151052 -0.008297858700341412
bullet 130 0.06423334680340395 -0.011801182894840053
bullet 135 0.06474542719265343 -0.013318312451318374
bullet 140 0.0663368261687077 -0.013300516441898854
bullet 145 0.06953797192999045 -0.015350589123947381
bullet 150 0.06924400807780459 -0.010971563124543103
bullet 155 0.07062742558612177 -0.015152954374924954
bullet 160 0.07628733498642055 -0.009806328292579557
bullet 165 0.07737167449107067 -0.008767807427205138
bullet 170 0.0846545116405926 -0.008650061770314249
bullet 175 0.08019065488514784 -0.0013281834505531106
bullet 180 0.08884876474773121 -0.00015904942565280977
