circle 0 0.06915412164012105 -0.000391352776255159
rect 0 0.085980618295979 -0.0005102591497500612
rect 5 0.07764585253590162 -0.002226198672961588
rect 10 0.07795717687586354 -0.0018574007379234668
rect 15 0.0719282342169325 -0.002222660399154033
rect 20 0.07166580680001075 -0.0027277872053467793
rect 25 0.06600809789763393 -0.004301045848342058
rect 30 0.06614443358265312 -0.006250386936802027
rect 35 0.06750415442127121 -0.002205024894577454
rect 40 0.06574846240079123 -0.001949129187865489
rect 45 0.06576865243082587 -0.0006623915779985382
halfcircle 0 0.07323493939136186 -0.00045351434590746806
halfcircle 5 0.07320438289660772 0.0017810376201481556
halfcircle 10 0.07352482795551354 0.00029344959607907877
halfcircle 15 0.07637426107548537 0.006190376885458102
halfcircle 20 0.07600716098152657 0.008352570215620428
halfcircle 25 0.07685337178219584 0.007815922733854161
halfcircle 30 0.0773398928886624 0.009695128151158552
halfcircle 35 0.07778296227992454 0.008336060505513164
halfcircle 40 0.07854342537553287 0.014263584416651506
halfcircle 45 0.07988075735689007 0.015800238958038833
halfcircle 50 0.07960398724512033 0.015523400871475818
halfcircle 55 0.07552223489990828 0.019214313333853462
halfcircle 60 0.07619537599329829 0.019056375090010017
halfcircle 65 0.07662830998123812 0.020962223526000433
halfcircle 70 0.07641987860128684 0.021266346238102977
halfcircle 75 0.07389787995542244 0.0172861379124239
halfcircle 80 0.07398556215957655 0.016986718648860484
halfcircle 85 0.07292262980791453 0.006091627166991937
halfcircle 90 0.07292156232757893 0.006087823527369087
halfcircle 95 0.07291205018034022 0.00608619094264447
halfcircle 100 0.06061740436565192 -0.006691154110950279
halfcircle 105 0.06051824940858315 -0.007244238987643178
halfcircle 110 0.05781580444019766 -0.020622517220402793
halfcircle 115 0.05841401069007536 -0.022989158441430343
halfcircle 120 0.0602483693349666 -0.03274937526571681
halfcircle 125 0.062221297910196004 -0.03404789642397793
halfcircle 130 0.06647018982798455 -0.03369433952353153
halfcircle 135 0.06844642162575874 -0.03695489869146858
halfcircle 140 0.07052999541560304 -0.039006487501700375
halfcircle 145 0.07648847051201804 -0.031636401502450597
halfcircle 150 0.08048695300800249 -0.03328099828748271
halfcircle 155 0.08393465735236957 -0.02980746341147241
halfcircle 160 0.0834656206692157 -0.02731992069485951
halfcircle 165 0.09087842166808745 -0.024921754910582676
halfcircle 170 0.08884816317009711 -0.01571697047008206
halfcircle 175 0.09254415408476642 -0.00857392515241073
halfcircle 180 0.09062009489686765 5.847119334602081e-05
triangle 0 0.07096239943337221 -0.0004018380571780886
triangle 5 0.07119115751648383 0.0026327548664008835
triangle 10 0.07055528189581964 -0.0024053858885350206
triangle 15 0.07247045155569985 -0.0011085862268314253
triangle 20 0.07473279619590024 -0.0029245694320586602
triangle 25 0.07535904714237726 0.0024056283479473514
triangle 30 0.08378113440791969 0.0033529414388939
triangle 35 0.08307614573059272 0.004167547886301845
triangle 40 0.08445413263269841 0.01240857440538658
triangle 45 0.09331389173137114 0.008163548796148223
triangle 50 0.09343938171522503 0.016981914491516835
triangle 55 0.08936005463353483 0.01455709189683172
triangle 60 0.08805803395891484 0.013835989627155595
triangle 65 0.08699132290507307 0.01914455231971549
triangle 70 0.08220393019561725 0.014690747490884176
triangle 75 0.08107212984218905 0.01601540492658298
triangle 80 0.07962673049501692 0.02005288989191819
triangle 85 0.07980614853118735 0.015788413213425282
triangle 90 0.07438505636910572 0.010420338130069578
triangle 95 0.07263768340936859 0.0052596457087805
triangle 100 0.057646533884966565 0.0007614346716293103
triangle 105 0.05807185151712323 0.002304316250853683
triangle 110 0.056164640447722056 -0.008197444918115155
triangle 115 0.05574597535238326 -0.021890456403161
triangle 120 0.06119887151616955 -0.027810602395242447
triangle 125 0.06368380044792044 -0.029254887601721673
triangle 130 0.07248968922856834 -0.03574760395441008
triangle 135 0.07467698308588723 -0.04176322967119754
triangle 140 0.07633912416715515 -0.039567366146611986
triangle 145 0.08315443266297425 -0.0375185494660762
triangle 150 0.08404324491338358 -0.03677599085394352
triangle 155 0.08772160354529798 -0.03267139931603182
triangle 160 0.08887620193012788 -0.025028733928033675
triangle 165 0.0934231830047948 -0.018828097061609286
triangle 170 0.09575671940922345 -0.019867076605195905
triangle 175 0.09626079244000686 -0.0005756751907070245
triangle 180 0.09615447156367753 7.020116188281657e-05
moon 0 0.07289980926695841 -0.0004611539929043564
moon 5 0.07286660896687726 0.0017119151097966458
moon 10 0.07318917511450028 -0.0003392818976081447
moon 15 0.07602013811482182 0.005701875856727977
moon 20 0.07588941650413142 0.007738601414042705
moon 25 0.07698556188984049 0.006412985726156116
moon 30 0.07740493393979106 0.00849252741119411
moon 35 0.07785881298968603 0.007525920209070945
moon 40 0.07904803394148707 0.013595603366220853
moon 45 0.08079244747083283 0.014720031443041135
moon 50 0.08063832769697832 0.014528006375590364
moon 55 0.07865369812641368 0.018207855682039607
moon 60 0.07858031924348542 0.018193059820299312
moon 65 0.07988187599621235 0.020394241774743194
moon 70 0.08004893392717019 0.020962164520885125
moon 75 0.07834563723538526 0.017203182631833742
moon 80 0.07835648860672592 0.01720753976213122
moon 85 0.07968494037520557 0.004733337164613591
moon 90 0.07968780488796315 0.004738140128406532
moon 95 0.079673071291566 0.00473236464849247
moon 100 0.06679337542012617 -0.009544257765089766
moon 105 0.06679227692810683 -0.009553555551920079
moon 110 0.06522520063547435 -0.023745741107343003
moon 115 0.06588764724405252 -0.026084990502428396
moon 120 0.06642813744065913 -0.03425349618873463
moon 125 0.06806246609556955 -0.03457479093106188
moon 130 0.07264997898568545 -0.03601329708431846
moon 135 0.07446120453177262 -0.038064127549001014
moon 140 0.07569833028077765 -0.04196420624963949
moon 145 0.08147294450981167 -0.033038671951113936
moon 150 0.08304477852799799 -0.03350173921024348
moon 155 0.08637289188313366 -0.029754851681447876
moon 160 0.08633790775645075 -0.02857893902799123
moon 165 0.09281338837283835 -0.02578577417373763
moon 170 0.09149353015773397 -0.017191785652199754
moon 175 0.0935856328312092 -0.008555127763089948
moon 180 0.09205943219865206 6.15514499239932e-05
bullet 0 0.06713582698667377 -0.0007137488687575454
bullet 5 0.06739102251123498 -0.003235728494482551
bullet 10 0.0639154477229413 -0.008884037924835742
bullet 15 0.06461703905205637 -0.009905587626104556
bullet 20 0.06536102249828576 -0.011100841191547129
bullet 25 0.06497525596956247 -0.01673126135434626
bullet 30 0.06624195919282197 -0.015019738914985637
bullet 35 0.06717292989359089 -0.015293140205166
bullet 40 0.06836495946143707 -0.013047300684502949
bullet 45 0.06963060265391205 -0.011541730743643898
bullet 50 0.07058090081098767 -0.009072804433743422
bullet 55 0.07272278059744665 -0.004899894161237652
bullet 60 0.07214336111863516 0.0004241416554670664
bullet 65 0.07197271210436959 0.0005662720861956142
bullet 70 0.07466266196044091 0.005292847489209704
bullet 75 0.07413207854250578 0.007440041557216998
bullet 80 0.07793016782869056 0.010642241289081644
bullet 85 0.07408629551738641 0.008538569974629432
bullet 90 0.07709446545978546 0.01130800715877316
bullet 95 0.07234578252642646 0.006611647198452297
bullet 100 0.06884763923326587 0.008256979021470068
bullet 105 0.06661173367266841 0.00479021359635253
bullet 110 0.06584314224722991 0.002047435409235693
bullet 115 0.0626440761686872 -0.004259877687597597
bullet 120 0.0626718969541848 -0.006254042763490857
bullet 125 0.06305263287321408 -0.008229527678526225
bullet 130 0.06337910660541528 -0.01170211841625053
bullet 135 0.06388112022143352 -0.013190742194276734
bullet 140 0.06545658845946202 -0.013191157313556032
bullet 145 0.06861893430915748 -0.01521627830026944
bullet 150 0.06832304037103246 -0.010875786649149427
bullet 155 0.0697054923046523 -0.014998244705706843
bullet 160 0.07528084557621997 -0.009721369104001775
bullet 165 0.07633898183437446 -0.008691291781712561
bullet 170 0.08354049017184628 -0.008578028175246777
bullet 175 0.07911782683975246 -0.0013170999917345295
bullet 180 0.08766711113829673 -0.00015327913676883254
