circle 0 0.07106920363546598 -0.00040015559760967384
rect 0 0.08836384646419612 -0.0005247477372921745
rect 5 0.0798061183625671 -0.002266525211234236
rect 10 0.0801186351132925 -0.001888245570126976
rect 15 0.07391923534941988 -0.0022559663820957464
rect 20 0.07364451352642509 -0.0027769031827788926
rect 25 0.06781333114924516 -0.004367609675654312
rect 30 0.06793827865630932 -0.0063453516825024885
rect 35 0.06933200764784966 -0.0022597228148117264
rect 40 0.06751336001478228 -0.0019837448476068904
rect 45 0.06753743574943658 -0.00067259339410176
halfcircle 0 0.07524852575541782 -0.00045823429433001415
halfcircle 5 0.07522480435525072 0.0018357164395053365
halfcircle 10 0.07556304504016975 0.00035373914218107176
halfcircle 15 0.07847688297427183 0.006389667988615154
halfcircle 20 0.07812153090306506 0.008645543786042332
halfcircle 25 0.07898101799474631 0.00810327842277933
halfcircle 30 0.07946268688595529 0.010033468024879161
halfcircle 35 0.07992315190782909 0.008666884604815251
halfcircle 40 0.08069491282038398 0.014721852236829511
halfcircle 45 0.08207594839363065 0.016306365545694597
halfcircle 50 0.08178859356668886 0.01601995988126926
halfcircle 55 0.0775985222826738 0.019742748422512724
halfcircle 60 0.07829533833528979 0.019569376423936462
halfcircle 65 0.07869539280874029 0.021473319997282685
halfcircle 70 0.07850556147834652 0.021776707106389803
halfcircle 75 0.07595136417651584 0.01766385292435705
halfcircle 80 0.07604396086047285 0.017362548048630015
halfcircle 85 0.07496504803784089 0.006178859396267925
halfcircle 90 0.07496847882033134 0.006178220341912568
halfcircle 95 0.07498472312066251 0.006184125638544686
halfcircle 100 0.062341272453407016 -0.006864558346968223
halfcircle 105 0.062246420580260656 -0.007417236639748195
halfcircle 110 0.05944343275886359 -0.021108033420296244
halfcircle 115 0.06004988947467303 -0.023522362743638538
halfcircle 120 0.061919350938002736 -0.033501456913035015
halfcircle 125 0.06393188278795989 -0.03481296225544127
halfcircle 130 0.06828565041361402 -0.03447447952110821
halfcircle 135 0.07030160023247356 -0.03779328292690145
halfcircle 140 0.07243860011008221 -0.03990911610232441
halfcircle 145 0.0785635231712548 -0.03236238808091385
halfcircle 150 0.08264771507388569 -0.0340260752618098
halfcircle 155 0.08618178443364763 -0.030489675437454743
halfcircle 160 0.08570697772790874 -0.02796429265233639
halfcircle 165 0.09328665734060956 -0.025481354823504953
halfcircle 170 0.09124577208159289 -0.016068372216798906
halfcircle 175 0.09500603314075072 -0.008785116059219736
halfcircle 180 0.09305939738369563 5.855888385114796e-05
triangle 0 0.0729386265906117 -0.00040922991747808883
triangle 5 0.07316785205478955 0.0026920748802043257
triangle 10 0.07250040346581961 -0.0024043710854004105
triangle 15 0.07449275867633366 -0.001080143139021905
triangle 20 0.07680706771935075 -0.0028995201270923766
triangle 25 0.07746860395268931 0.0025569708934046784
triangle 30 0.08608792996688176 0.003560175550467881
triangle 35 0.0853930491467818 0.004388635805992636
triangle 40 0.08679554206658166 0.012856000821408
triangle 45 0.0958722973809041 0.008471880827168876
triangle 50 0.0959988833134537 0.017535728727368256
triangle 55 0.09179129879480194 0.0149836855730138
triangle 60 0.09047176659533286 0.014246922477042182
triangle 65 0.08933768661301042 0.019623540645086923
triangle 70 0.08444359733448394 0.01504167384389025
triangle 75 0.08327813886887206 0.016351866903259155
triangle 80 0.0817755904261974 0.020457779586489973
triangle 85 0.08199210148555205 0.01607669927783
triangle 90 0.07645749170997507 0.01060094081985011
triangle 95 0.0746855779054917 0.00532035816463
triangle 100 0.05928891556036856 0.0007047431422711356
triangle 105 0.05972597054004356 0.002308000906118829
triangle 110 0.0577648434776218 -0.008458589536586292
triangle 115 0.05733652750547269 -0.022396214682236966
triangle 120 0.06292368386463179 -0.028458703005636632
triangle 125 0.06547703754319925 -0.029926251701116475
triangle 130 0.07451616862751927 -0.03655641754266832
triangle 135 0.07673885295302485 -0.042708420286942196
triangle 140 0.07842064095899617 -0.04048716555184738
triangle 145 0.08540936419804643 -0.03834050488751808
triangle 150 0.08632636678070962 -0.03761298251705965
triangle 155 0.09007510106304162 -0.03341332352367189
triangle 160 0.09128870958085536 -0.02562813470482305
triangle 165 0.09594089060126595 -0.019223949382705472
triangle 170 0.09830671758356253 -0.020323389104999652
triangle 175 0.0988340643304374 -0.0005851888619899807
triangle 180 0.0987355892934222 7.224515469570328e-05
moon 0 0.07490679136700354 -0.00046813279838859667
moon 5 0.07490458079825175 0.0017688402826981976
moon 10 0.07524212083496983 -0.0002967704554100442
moon 15 0.07814233249357475 0.005889533339608647
moon 20 0.07797906554906653 0.008017137716050098
moon 25 0.07913111955489786 0.0066677744598235165
moon 30 0.07954766552256456 0.008813148218450816
moon 35 0.08000473139613432 0.007834701741296728
moon 40 0.08123910577111329 0.014030036482776611
moon 45 0.0830203365391666 0.015211105551358076
moon 50 0.08286915981257822 0.01500418888848675
moon 55 0.08082672168262435 0.01871992073052143
moon 60 0.08075595327337001 0.018679399118248504
moon 65 0.0820934818710384 0.020887016801759493
moon 70 0.08225767308225383 0.021459015292375837
moon 75 0.08053604595051862 0.01756676423998673
moon 80 0.08055589785071612 0.01757583043043468
moon 85 0.08194368190659687 0.0047998202135411385
moon 90 0.08193512323495923 0.004803083827468272
moon 95 0.08195567771763626 0.004803573039618947
moon 100 0.06870044594044378 -0.009740126125309594
moon 105 0.06869733920745205 -0.009737952865749074
moon 110 0.06706639532783273 -0.0242476432749909
moon 115 0.06772116458965736 -0.026615259097301898
moon 120 0.06825808483409204 -0.03497316664442763
moon 125 0.06992253369890862 -0.03529449633450736
moon 130 0.07464193852577426 -0.0367974533947687
moon 135 0.076481601240346 -0.03886638428603857
moon 140 0.07772812824996603 -0.04286554173555392
moon 145 0.08364964910364932 -0.033732188904271654
moon 150 0.08526887489209976 -0.03421932566413405
moon 155 0.08868850888474354 -0.03040641510912771
moon 160 0.08866069873778869 -0.029233235671140452
moon 165 0.09529085960600081 -0.02635973883251161
moon 170 0.09393982275300647 -0.017561114077781083
moon 175 0.09605449326119275 -0.008757606807656148
moon 180 0.09450796056464669 6.0770018255232445e-05
bullet 0 0.06903737366098774 -0.000733766623365738
bullet 5 0.06928168046900182 -0.003303792418861911
bullet 10 0.06570246076794294 -0.009033327254151749
bullet 15 0.06643010464465735 -0.010072359039596046
bullet 20 0.06718402986226454 -0.011301710103606035
bullet 25 0.06678151478509312 -0.017048651552561574
bullet 30 0.0680828977208566 -0.015284109425923264
bullet 35 0.06903565055073191 -0.015560653014009718
bullet 40 0.07023448173378968 -0.013255315881902468
bullet 45 0.07152639740533752 -0.011740188608219782
bullet 50 0.07249882289853403 -0.009220584991875485
bullet 55 0.07469456055915112 -0.0049622800044419515
bullet 60 0.07411923131386348 0.00042733045420749444
bullet 65 0.07393540304646538 0.000566932689605397
bullet 70 0.0767041883696205 0.005379759975974714
bullet 75 0.07616416042262816 0.007552360287723001
bullet 80 0.0800729332014475 0.0108086989544082
bullet 85 0.07612619056904654 0.008652918605467809
bullet 90 0.0792232168418712 0.011470848167784544
bullet 95 0.07436792359173752 0.006697001156112185
bullet 100 0.07076647856806265 0.008390210455563221
bullet 105 0.06847545997117946 0.004868715568983493
bullet 110 0.06768330054468223 0.0020765056531001874
bullet 115 0.06438145996540909 -0.004322380099462877
bullet 120 0.06439775709810389 -0.006352229799222474
bullet 125 0.06479010883294208 -0.00835831458412392
bullet 130 0.06510177888936017 -0.011901560700838313
bullet 135 0.06562068929839836 -0.01343108133503707
bullet 140 0.06723304500527032 -0.013419594173743828
bullet 145 0.07046164455547957 -0.01548707748697353
bullet 150 0.07018556755280436 -0.01107598777895678
bullet 155 0.07160098154524967 -0.015316819843963686
bullet 160 0.0773415010478229 -0.009890974373429215
bullet 165 0.07842559245708483 -0.008847873158007238
bullet 170 0.0858004159514102 -0.008722922715568843
bullet 175 0.08130737364429044 -0.00134484723489885
bullet 180 0.09005677927545483 -0.0001559507581652551
