circle 0 0.17349006383588111 -0.0009069536037550894
rect 0 0.21776390206035456 -0.0011671861678945856
rect 5 0.19733356036539712 -0.003624348735638153
rect 10 0.19661712970767214 -0.0021922939990339256
rect 15 0.1811368100169297 -0.0025299699307861382
rect 20 0.1798279959404921 -0.0037950869735851886
rect 25 0.16482773735608178 -0.005256589925978752
rect 30 0.16427887536544733 -0.0094199172435951
rect 35 0.16644072340169713 -0.003645860770721404
rect 40 0.16158558200941392 -0.0030525726334015946
rect 45 0.16117332729292072 -0.0014386871280984326
halfcircle 0 0.18528139783926179 -0.0010200797983261306
halfcircle 5 0.18491076391435576 0.004900536885452308
halfcircle 10 0.1861133764481448 0.004370722544572428
halfcircle 15 0.19286216320685792 0.017445893490704467
halfcircle 20 0.19150566530932256 0.02551015166679494
halfcircle 25 0.19347033895082594 0.02455046517760421
halfcircle 30 0.19420462256523008 0.029646247461919257
halfcircle 35 0.19495857286328194 0.02746818430561161
halfcircle 40 0.19622445034531427 0.03947639283280735
halfcircle 45 0.19887081883634622 0.043777176778833485
halfcircle 50 0.19747888544897396 0.04239789794429293
halfcircle 55 0.1882015852693857 0.04722322819834695
halfcircle 60 0.18972117079819312 0.045831929735298156
halfcircle 65 0.19032757429829 0.04757622648942239
halfcircle 70 0.19004128384322067 0.04776336311980296
halfcircle 75 0.18605566107913846 0.03667011984686986
halfcircle 80 0.18653250742452893 0.03618190536454009
halfcircle 85 0.18673220260102696 0.010832281692161713
halfcircle 90 0.18672208743474075 0.010828814901045966
halfcircle 95 0.18671929029939055 0.010826676648537498
halfcircle 100 0.15655734278253197 -0.015040304358733905
halfcircle 105 0.1560739860369924 -0.015736351564125013
halfcircle 110 0.1478902616330955 -0.04466449950389299
halfcircle 115 0.14838574675095267 -0.049063691657229104
halfcircle 120 0.15179065877097703 -0.06968556812339735
halfcircle 125 0.15573417932606143 -0.07155491533044275
halfcircle 130 0.16624987713622336 -0.0730271039691879
halfcircle 135 0.16970762199193465 -0.07849612126974345
halfcircle 140 0.17441780302363347 -0.08387749085504838
halfcircle 145 0.18867030939659307 -0.0671997387437305
halfcircle 150 0.1972470168546127 -0.0696237357129533
halfcircle 155 0.205485701873729 -0.063507421934195
halfcircle 160 0.2047928250285239 -0.05990306073219572
halfcircle 165 0.22056858269862817 -0.05234732056402649
halfcircle 170 0.21680672666541206 -0.032664942344642525
halfcircle 175 0.22462749619257755 -0.019224046709303246
halfcircle 180 0.22082291490649625 6.568703191186282e-05
triangle 0 0.17997207790650524 -0.0009438851456062507
triangle 5 0.17997266800568928 0.005735801705753189
triangle 10 0.1780746655935746 -0.0009080893829353688
triangle 15 0.18425919950065456 0.001593085554953857
triangle 20 0.18897109296196474 9.220986560645936e-05
triangle 25 0.19109016083831576 0.011615850598353527
triangle 30 0.21040588888294529 0.016077783065923813
triangle 35 0.20933412968916104 0.01721895894937021
triangle 40 0.21070744494642288 0.037308886545457956
triangle 45 0.23254925630433818 0.02575710986183945
triangle 50 0.23030286674601325 0.04678175185202632
triangle 55 0.2202514876903225 0.03711455573362098
triangle 60 0.21740422832451917 0.035444414840550297
triangle 65 0.21258030260896468 0.04349104926067514
triangle 70 0.20327296277336968 0.03260123025674468
triangle 75 0.20095695637550923 0.0328216226388376
triangle 80 0.19569257567354523 0.03975639033169754
triangle 85 0.19869187574480582 0.02939086395098105
triangle 90 0.18806149738823058 0.01866950175292354
triangle 95 0.18560314642994696 0.007696063184525749
triangle 100 0.14882127591620048 -0.003176301875906119
triangle 105 0.15057937970278895 0.0018570470648853316
triangle 110 0.1459576453370228 -0.022137114147660005
triangle 115 0.14540935068946442 -0.04768994353270818
triangle 120 0.1583593549725944 -0.06103224757226121
triangle 125 0.16355714046594788 -0.06324996006213261
triangle 130 0.18436169510681824 -0.07634028235661214
triangle 135 0.18764161810900262 -0.08885152639425822
triangle 140 0.19072794375612667 -0.08616226513829187
triangle 145 0.20675697023013767 -0.07811345902969359
triangle 150 0.2089939968477152 -0.0784299316983351
triangle 155 0.21539496215699055 -0.06935517777144695
triangle 160 0.21924189619956555 -0.055158377972494135
triangle 165 0.22864814785779014 -0.03746803813618356
triangle 170 0.23317022209168908 -0.04228059859956296
triangle 175 0.23490230266333287 -0.0007702362649684398
triangle 180 0.23517024373634277 0.00010292413843749982
moon 0 0.1844619383626907 -0.0010431748401730798
moon 5 0.18414246014596652 0.00468062062659485
moon 10 0.1853890956731829 0.002812522411819947
moon 15 0.19222268591116226 0.016162777316850552
moon 20 0.19155112093117196 0.02374511513832308
moon 25 0.19446125762431807 0.021226723897105695
moon 30 0.19507623344365796 0.02685715292773424
moon 35 0.19595422493276637 0.02543860596133448
moon 40 0.19855948337412682 0.03751162657944463
moon 45 0.20247133123091404 0.04105153959399522
moon 50 0.20141183497668697 0.03983980384940183
moon 55 0.196949709750946 0.045016254701297616
moon 60 0.1969025629224472 0.043538312533110926
moon 65 0.20042246245213544 0.04546118789430587
moon 70 0.2005699956657457 0.04650338555826529
moon 75 0.19888001570378627 0.03575599846732942
moon 80 0.1988606009818446 0.03575526395118484
moon 85 0.20591201721534147 0.008565302609253093
moon 90 0.20590652238344725 0.008560649836822237
moon 95 0.2059104044134305 0.008566974845665888
moon 100 0.17287176625746312 -0.017786507935670264
moon 105 0.17288250208347972 -0.017783905190685144
moon 110 0.16718903476441485 -0.04732115328839882
moon 115 0.16670352064833865 -0.05014180549757115
moon 120 0.16690936819165741 -0.06865853309600004
moon 125 0.17007750865325547 -0.06891945776748941
moon 130 0.18089132743648267 -0.07337899708622496
moon 135 0.18396978310395745 -0.07626430826503292
moon 140 0.18568122235581747 -0.08547511376662362
moon 145 0.19964309733400226 -0.06602052324195241
moon 150 0.20288463106988813 -0.0678348863738658
moon 155 0.21095690665283215 -0.06112186908759513
moon 160 0.2106355134417766 -0.06044971608952887
moon 165 0.22432831079012025 -0.053043308005130296
moon 170 0.2221312105696062 -0.034502324814087534
moon 175 0.22630932176135105 -0.018793769052884792
moon 180 0.2234480122458526 3.1561622473457095e-05
bullet 0 0.17279934529035673 -0.0015801873930739985
bullet 5 0.17225694219479212 -0.005893704087123058
bullet 10 0.1647128372213232 -0.015262125116687283
bullet 15 0.1645725216345359 -0.0170586672200666
bullet 20 0.16607309286580227 -0.01922515707836878
bullet 25 0.16403639353793978 -0.030830473143276648
bullet 30 0.1663438499651644 -0.025971627712324412
bullet 35 0.16816290239573362 -0.026524329187218483
bullet 40 0.16991972219537274 -0.021882391515746218
bullet 45 0.17234554606594776 -0.020046610838696778
bullet 50 0.1742945762896098 -0.016157778238003292
bullet 55 0.1791539163616564 -0.008430610264007973
bullet 60 0.1790081994162594 -0.00025042638571527926
bullet 65 0.1787381849006593 -0.0004723877870357389
bullet 70 0.1853758109241004 0.007673114369904177
bullet 75 0.184581747926001 0.011264138961225422
bullet 80 0.1941248336947859 0.016752127295523438
bullet 85 0.1865104408544909 0.01310039640526831
bullet 90 0.19438707506264571 0.01797412536859008
bullet 95 0.1832891715024494 0.01032548760135543
bullet 100 0.17523528667899016 0.014285360669243055
bullet 105 0.16921494718694635 0.008513271722789312
bullet 110 0.16706984514327747 0.0034947744412460306
bullet 115 0.15804667545343914 -0.00648689294915684
bullet 120 0.15730579363628935 -0.010383591432280698
bullet 125 0.15818125100600372 -0.013951373469795433
bullet 130 0.15801442435025218 -0.020563523634928714
bullet 135 0.1587851291440852 -0.024121585605373818
bullet 140 0.16235779370895415 -0.023436762897107576
bullet 145 0.16978138399594073 -0.02763579303445878
bullet 150 0.16983323865827077 -0.02060322013883692
bullet 155 0.1732845312880686 -0.030410535453106506
bullet 160 0.1871223453918947 -0.018043774979214743
bullet 165 0.18999303316850252 -0.0164350279057629
bullet 170 0.2064854420907926 -0.01572713822433241
bullet 175 0.19787790041316686 -0.002921375851529587
bullet 180 0.21729142513778443 -0.00044716640494975714
