circle 0 0.16031635863385724 -0.0008455985152407164
rect 0 0.20101223862620649 -0.001095053681382368
rect 5 0.1821357957150786 -0.003502581493630677
rect 10 0.1815540486422807 -0.0022619055695969953
rect 15 0.1672817351983378 -0.002612734581971776
rect 20 0.16611995447444625 -0.003789037311281336
rect 25 0.15229956844287101 -0.0052888711895797014
rect 30 0.15187689110506547 -0.009171299678064099
rect 35 0.15396777075041965 -0.0035771365711077968
rect 40 0.14953045664174774 -0.0029747975440492713
rect 45 0.1491751947912783 -0.0013529817845505982
halfcircle 0 0.17102693579591638 -0.0009555649893655819
halfcircle 5 0.17070798025092807 0.004511282722359835
halfcircle 10 0.17178406152268333 0.0037866138677626776
halfcircle 15 0.17805606338109461 0.01599536668917676
halfcircle 20 0.17686986369024318 0.023277955559048054
halfcircle 25 0.1786905114942441 0.02237037707973605
halfcircle 30 0.1794343049887523 0.027069970521513442
halfcircle 35 0.18015868256446163 0.024971768637608614
halfcircle 40 0.18139525406976933 0.03628231023890107
halfcircle 45 0.18390738614261798 0.04023789021235367
halfcircle 50 0.18265602024772987 0.03900940005226118
halfcircle 55 0.17400545757265878 0.04374698003193322
halfcircle 60 0.17543495940809012 0.04254067260262116
halfcircle 65 0.1760212532855247 0.04432318463550371
halfcircle 70 0.17573222688501966 0.04452634272414975
halfcircle 75 0.17186608745887938 0.03432188008770064
halfcircle 80 0.17230205365784862 0.03385292289495562
halfcircle 85 0.17224530426643608 0.010243497813379573
halfcircle 90 0.17223895209090426 0.01024016529361936
halfcircle 95 0.1722588626385922 0.010247619884038477
halfcircle 100 0.14428794918729163 -0.01407986394829929
halfcircle 105 0.14388129144270062 -0.014771497643529372
halfcircle 110 0.13642578168429736 -0.04182309026189468
halfcircle 115 0.13693335676285395 -0.04598746814709814
halfcircle 120 0.14017378026633495 -0.06532762204252454
halfcircle 125 0.1438816068387955 -0.06715390235070454
halfcircle 130 0.15364830748822006 -0.0683533292306526
halfcircle 135 0.15694477552107816 -0.0735976287554515
halfcircle 140 0.16134217828938519 -0.07856506446498247
halfcircle 145 0.1745712967854151 -0.06300875891080752
halfcircle 150 0.18261045325969838 -0.0653684375663313
halfcircle 155 0.19025415724459813 -0.05952475762295338
halfcircle 160 0.18959158142914737 -0.05601620808943338
halfcircle 165 0.20438384427153986 -0.04913528136105562
halfcircle 170 0.20084260637152776 -0.03068845933780178
halfcircle 175 0.20813563854287892 -0.017951766393434588
halfcircle 180 0.20457780104717335 6.632189969627423e-05
triangle 0 0.16607734280931566 -0.0008801712775039645
triangle 5 0.16612897246373154 0.005363926708111104
triangle 10 0.16440382020811795 -0.001191798520440919
triangle 15 0.17002753365259782 0.001170320689432089
triangle 20 0.1744768758963256 -0.00041715710310909497
triangle 25 0.17641832007126906 0.010371679355768654
triangle 30 0.19443242741354758 0.01436891390529926
triangle 35 0.19338827297662434 0.015496878128798153
triangle 40 0.19485289751579052 0.03413512325156049
triangle 45 0.21506228366946414 0.0234911439670065
triangle 50 0.21321479144435967 0.04305286593961284
triangle 55 0.20384773707906284 0.034320364452087845
triangle 60 0.2011928258180526 0.03277238463555653
triangle 65 0.19689835270033124 0.04056005364706122
triangle 70 0.18807959934409185 0.030443552867423156
triangle 75 0.18587529084276436 0.030833824793913906
triangle 80 0.1811286606923297 0.0374556299481082
triangle 85 0.1836797721248536 0.027833279439444015
triangle 90 0.17364549082320518 0.01775895561047165
triangle 95 0.17124649126232777 0.007474643943529787
triangle 100 0.13713548479898668 -0.002613697640815955
triangle 105 0.13870078233475763 0.001968719750823242
triangle 110 0.13441094073906962 -0.020386773129048776
triangle 115 0.13386524656975604 -0.04458386408084969
triangle 120 0.1458906506055025 -0.057027966154597966
triangle 125 0.15076972057880428 -0.05917208034688878
triangle 130 0.17009734422419934 -0.07148607502959506
triangle 135 0.17329156272941632 -0.08324546835404076
triangle 140 0.1762317781301255 -0.08056864458175021
triangle 145 0.19115098356917262 -0.07332426109357162
triangle 150 0.19320195776808058 -0.07347047605175414
triangle 155 0.1993495355185277 -0.06501752556490228
triangle 160 0.20286305847442748 -0.051550761829444916
triangle 165 0.2117234847665514 -0.03533357253154422
triangle 170 0.21599141415350825 -0.03964892594332465
triangle 175 0.2175795485976674 -0.000763059358206551
triangle 180 0.21777465117525363 9.880467636017255e-05
moon 0 0.17026594849347504 -0.0009676518326064166
moon 5 0.16999838486736452 0.004308485372428486
moon 10 0.1711144868895195 0.0023454131011839104
moon 15 0.17744691122926398 0.014828881491779586
moon 20 0.17687552627265044 0.02168068963348091
moon 25 0.179564698047394 0.019304370834678182
moon 30 0.18018425973661964 0.024491084919032423
moon 35 0.18100626217818955 0.023119266627635204
moon 40 0.18346879001338315 0.034510784754995825
moon 45 0.18713508908696636 0.03774782839950437
moon 50 0.1862064316751561 0.03669245531934535
moon 55 0.18203565057544108 0.041725087444901485
moon 60 0.1819514721850139 0.040450393245395413
moon 65 0.18518556173535358 0.04242690589303498
moon 70 0.18533860133080732 0.04340425256390581
moon 75 0.18359801459928976 0.033515910480385894
moon 80 0.1836008497690878 0.033517862780874666
moon 85 0.18981627229312686 0.00807489305309116
moon 90 0.1898226191333813 0.008074710815218298
moon 95 0.18982115371698197 0.008078804521744174
moon 100 0.15931049551615786 -0.01690552054843661
moon 105 0.15930770580901793 -0.01690678853085536
moon 110 0.1542010347267415 -0.04462183342627378
moon 115 0.1538823181787048 -0.04742501570809454
moon 120 0.15416727909693795 -0.06469138799494308
moon 125 0.15718377500870087 -0.06497443084472403
moon 130 0.16722859309067611 -0.06903601737810652
moon 135 0.1701851774454072 -0.07186128389727231
moon 140 0.1718690553667501 -0.08043593200021691
moon 145 0.18481717250370294 -0.062229810388845966
moon 150 0.18788720416542254 -0.06387485627900716
moon 155 0.1953848400057984 -0.05748049669558185
moon 160 0.19510420194698 -0.05670946963519644
moon 165 0.2079463259297782 -0.049890638574213844
moon 170 0.20584073221861415 -0.03252098909940236
moon 175 0.20977491924003272 -0.01758251390095036
moon 180 0.20707034390814777 3.6902549420859706e-05
bullet 0 0.15928278558285155 -0.0014713490615316926
bullet 5 0.15887548004835156 -0.005621338308897773
bullet 10 0.15182503417856458 -0.014612158651927299
bullet 15 0.15185186922413813 -0.016321976832028746
bullet 20 0.153259375375133 -0.018382370712181233
bullet 25 0.15145884330052856 -0.029279843057221932
bullet 30 0.15364963603267084 -0.024807382547515265
bullet 35 0.15538764788359788 -0.025331055863399475
bullet 40 0.15710983872237755 -0.02094626351190484
bullet 45 0.1594019247327754 -0.01910907228638232
bullet 50 0.16124386944262442 -0.01533220848739188
bullet 55 0.1657808169009139 -0.007982103846506387
bullet 60 0.16552460590891832 -9.901739523081672e-05
bullet 65 0.1652784863653696 -0.0002690384358038536
bullet 70 0.17143486021168558 0.007527833679132091
bullet 75 0.17062429669690543 0.01094943608611451
bullet 80 0.17944619277790835 0.01619076764651339
bullet 85 0.17227773610968217 0.012665774612719918
bullet 90 0.17950264703410884 0.0172974559881533
bullet 95 0.16919995209981434 0.00994721857505473
bullet 100 0.16169008183571346 0.013615423271378532
bullet 105 0.15616984951659524 0.008102223755326876
bullet 110 0.15420196092911476 0.0033377154457211026
bullet 115 0.14593273279797972 -0.006276695794892815
bullet 120 0.14529478060981033 -0.00994480390993077
bullet 125 0.1461109971378107 -0.01334999084384782
bullet 130 0.1460372680381771 -0.019591572530084807
bullet 135 0.14677236574585192 -0.022896100573212928
bullet 140 0.15011908483708927 -0.02229874144291075
bullet 145 0.15701958634029595 -0.026245610247070374
bullet 150 0.15701955280948948 -0.019490338528380863
bullet 155 0.16019443951288487 -0.02858595356823567
bullet 160 0.17302610167443305 -0.017079633071834417
bullet 165 0.1756555510738756 -0.015531658201864492
bullet 170 0.1910241459956513 -0.014900143028560714
bullet 175 0.18289105689692325 -0.0027167666081460108
bullet 180 0.2009609817964085 -0.00040864430522858573
