circle 0 0.14524798543492784 -0.0007785650753681375
rect 0 0.18191676361004422 -0.0010074381101271743
rect 5 0.16476065637092763 -0.0033526612184852757
rect 10 0.16434136308367434 -0.002320948729636142
rect 15 0.15148672163365307 -0.002674990225259934
rect 20 0.15049242582919778 -0.0037600613571805593
rect 25 0.1380276359497969 -0.005290594599727047
rect 30 0.13771399633327627 -0.00885325014492958
rect 35 0.13973362475651827 -0.0034725138066053207
rect 40 0.13573315597622362 -0.002882643510906866
rect 45 0.13547535308110517 -0.0012410676131687413
halfcircle 0 0.15476874403032967 -0.0008730070687547706
halfcircle 5 0.15451139430591107 0.00405361735134433
halfcircle 10 0.15546877538926956 0.0031385988742363468
halfcircle 15 0.16121365522931114 0.014349323560353431
halfcircle 20 0.16017849674526746 0.020744605254783575
halfcircle 25 0.1618463794568043 0.01990092511777491
halfcircle 30 0.16256881481408467 0.024132544254724875
halfcircle 35 0.16325948420007033 0.02215507189990728
halfcircle 40 0.16442997307195723 0.032631317410424465
halfcircle 45 0.16678297504193026 0.036193599982004866
halfcircle 50 0.1657266139780083 0.03515029440574547
halfcircle 55 0.1578127915148992 0.03976462831154503
halfcircle 60 0.15908861333889576 0.03874971491175085
halfcircle 65 0.15966798265891985 0.040588736613558316
halfcircle 70 0.1593983201648544 0.04081422992596596
halfcircle 75 0.15568292005742385 0.03160925577192757
halfcircle 80 0.15605558367382447 0.03116156374245772
halfcircle 85 0.15573877817442922 0.009573702670780391
halfcircle 90 0.15574338686184017 0.009577122905056357
halfcircle 95 0.1557237747604206 0.009576162437067996
halfcircle 100 0.1303338560516973 -0.012960422565805952
halfcircle 105 0.1299930249325802 -0.01364462316858489
halfcircle 110 0.12333534002362416 -0.0385272352196102
halfcircle 115 0.12390706535970526 -0.042433650031866374
halfcircle 120 0.12692163874837578 -0.06027342028560482
halfcircle 125 0.13037203827820773 -0.062036569425306956
halfcircle 130 0.1392399321876856 -0.06293274153110748
halfcircle 135 0.14236028832538092 -0.06790341147251024
halfcircle 140 0.14640655953417575 -0.07240371061279563
halfcircle 145 0.1584529934979097 -0.058140043770964225
halfcircle 150 0.16587724379591268 -0.06042061931822077
halfcircle 155 0.17283129105679854 -0.0549042673136686
halfcircle 160 0.1722050555337131 -0.051513879933517956
halfcircle 165 0.1858711060243243 -0.04540937001488725
halfcircle 170 0.18252284420962275 -0.02838540204134733
halfcircle 175 0.18929249377571172 -0.016480730554332305
halfcircle 180 0.18598267216100178 6.594473616933127e-05
triangle 0 0.15025567366852366 -0.0008011778982679338
triangle 5 0.1503500715037985 0.004923242743408251
triangle 10 0.14883140731391906 -0.0014900351405046828
triangle 15 0.15381261789159525 0.000717998992449019
triangle 20 0.1579419401632063 -0.0009632375975297087
triangle 25 0.1596997801191123 0.008967360312450516
triangle 30 0.17618796088137198 0.012446531605763408
triangle 35 0.17518245142008954 0.013540465083158218
triangle 40 0.1767428195274654 0.03052425705933947
triangle 45 0.19506611599764812 0.02091889301098817
triangle 50 0.1936108297325954 0.03877749723221145
triangle 55 0.18513900303577288 0.03112891164036548
triangle 60 0.18268040597323162 0.029708667692056552
triangle 65 0.17894127465653584 0.03717206522475168
triangle 70 0.17070419906976814 0.027956436492290498
triangle 75 0.16866082683146993 0.028528553173576866
triangle 80 0.16448521981253839 0.034771952661184165
triangle 85 0.16654186585824832 0.026012715767048628
triangle 90 0.15721762001383494 0.016681094563877032
triangle 95 0.1548925262664156 0.007193401522524121
triangle 100 0.12385760428727008 -0.00198987178375545
triangle 105 0.12520697289093913 0.0020735070916747637
triangle 110 0.12130365087637099 -0.018379918961525986
triangle 115 0.12076218748864562 -0.04100481737049145
triangle 120 0.13172008030522225 -0.0524002548229063
triangle 125 0.13622601838358978 -0.05446213543692761
triangle 130 0.1538383373216213 -0.06586854089708638
triangle 135 0.1569275061371295 -0.0767509633262328
triangle 140 0.15971648306783798 -0.07410630765918239
triangle 145 0.17329766881920733 -0.06775541833162782
triangle 150 0.17518186647708794 -0.0677383429483958
triangle 155 0.18099866313764412 -0.05998830336480665
triangle 160 0.18413114429418062 -0.047378876251304526
triangle 165 0.19231831787595444 -0.032836112180193236
triangle 170 0.19633436409402866 -0.036590111383866704
triangle 175 0.1977260892169204 -0.0007488465418144438
triangle 180 0.1978473755466217 9.631143275127456e-05
moon 0 0.15408464443881037 -0.0008866851204703161
moon 5 0.15387277012735762 0.0038776887921724034
moon 10 0.15484166704148447 0.0018325758693720448
moon 15 0.16062248560906384 0.013307886220167871
moon 20 0.1601254525236559 0.019338569050292596
moon 25 0.16256867236634465 0.017113359244089833
moon 30 0.16317312059896424 0.02179386890052507
moon 35 0.16396836704016973 0.020494081314678038
moon 40 0.16621008009980207 0.03107416786478197
moon 45 0.16959060201007198 0.03396307446022279
moon 50 0.16883393228430021 0.033083781431887935
moon 55 0.16499123710677693 0.03793832810693494
moon 60 0.16491320271623527 0.036897400734399274
moon 65 0.16778514895447608 0.038928343994365344
moon 70 0.1679619809440056 0.0398320906971233
moon 75 0.16613316433689201 0.0309289437797337
moon 80 0.16616525566000304 0.030935057219148476
moon 85 0.17149268753542216 0.007528125413812514
moon 90 0.17148494371043127 0.007520474968304787
moon 95 0.17148265962833403 0.0075261965375230475
moon 100 0.14386744804614643 -0.015860962859365
moon 105 0.14386673059838825 -0.01585572897032001
moon 110 0.13939540630170016 -0.04145288223978522
moon 115 0.13927538388727714 -0.04424710280675499
moon 120 0.13964177084974988 -0.06006568817877337
moon 125 0.14246497121972457 -0.060368776161300874
moon 130 0.1516359782885502 -0.06398401528449901
moon 135 0.15443293249501128 -0.06672363383146071
moon 140 0.15608840112391673 -0.07457265366459279
moon 145 0.1678628523872712 -0.05780695956858771
moon 150 0.17073227689637652 -0.05925590009410932
moon 155 0.17755445966151756 -0.0532337374770552
moon 160 0.17732083538391705 -0.05235966505948264
moon 165 0.1891782644629006 -0.04621629673509027
moon 170 0.18720170919826423 -0.03020859983217266
moon 175 0.1908420607888353 -0.016174431319403913
moon 180 0.1883180836964749 4.327758422821636e-05
bullet 0 0.14390200396443137 -0.0013648141974873973
bullet 5 0.1436430935271922 -0.005275462049738707
bullet 10 0.137123942456832 -0.013821502034545624
bullet 15 0.13734769753256365 -0.01544341202492277
bullet 20 0.13865826808845091 -0.017373493302948212
bullet 25 0.1371228799512037 -0.027459744234520807
bullet 30 0.13919401134799178 -0.023435482642428007
bullet 35 0.14083306631883133 -0.023913870486308796
bullet 40 0.14249785257403286 -0.019838311688168707
bullet 45 0.14465810259787237 -0.018008051003527537
bullet 50 0.1463467532523606 -0.014377537720356603
bullet 55 0.15052009203153768 -0.007475576763069161
bullet 60 0.1501408819331147 4.906490362874932e-05
bullet 65 0.14990360296734545 -5.884737097914542e-05
bullet 70 0.1554812549670856 0.007317727427369636
bullet 75 0.15471512114178593 0.010542550771250287
bullet 80 0.16267237865939532 0.01548559856138182
bullet 85 0.15602172950677282 0.01214386775027232
bullet 90 0.16254601378900557 0.01649338737089674
bullet 95 0.153151095923991 0.009490827006386152
bullet 100 0.1462579283964738 0.012833429403633686
bullet 105 0.1413119950523966 0.0076070749782184335
bullet 110 0.13952644284929588 0.0031353617994710264
bullet 115 0.1320979516351435 -0.0060242468122152625
bullet 120 0.13159879155492926 -0.009434009794917469
bullet 125 0.13234219833153466 -0.012619114421805461
bullet 130 0.1323520495826522 -0.01844973367760453
bullet 135 0.13307658433332412 -0.021477114545666618
bullet 140 0.13615011959206652 -0.020966539166185398
bullet 145 0.14244712287883649 -0.024594912931397407
bullet 150 0.14239180550367142 -0.018182637946217325
bullet 155 0.14526982137505937 -0.026483966027267068
bullet 160 0.1569158647182011 -0.015953236533544156
bullet 165 0.15929984738217265 -0.014484352773894215
bullet 170 0.17332162274815616 -0.013933222926817323
bullet 175 0.16578448510474655 -0.002488215371222792
bullet 180 0.1823302480629458 -0.0003674117835195376
