circle 0 0.07518499107632812 -0.0004278561725664004
rect 0 0.093508471456949 -0.0005475479460380111
rect 5 0.08448895474775606 -0.0023499795566829925
rect 10 0.08477028970599836 -0.0019537454812316763
rect 15 0.07821145781195485 -0.002333003344041993
rect 20 0.0778855240197276 -0.0028960564777542617
rect 25 0.0716965863708671 -0.004483247366616277
rect 30 0.07181371476461876 -0.006557922566392918
rect 35 0.07325432010961494 -0.002378679656074267
rect 40 0.0713318306876144 -0.0020616946105885573
rect 45 0.07133278763806525 -0.0007096651205527307
halfcircle 0 0.07964466934464211 -0.0004874049520111298
halfcircle 5 0.07960554983407211 0.001964363347216328
halfcircle 10 0.07997760203298875 0.0004787020906253476
halfcircle 15 0.0830629572271365 0.006819514028523042
halfcircle 20 0.08264779781371068 0.00929399362058074
halfcircle 25 0.08356841039079721 0.008732556192730445
halfcircle 30 0.08407966901707091 0.010795580635735507
halfcircle 35 0.08455133748737445 0.00938796122324943
halfcircle 40 0.08535128874311707 0.01570566544727611
halfcircle 45 0.0867939945754218 0.017411908771136797
halfcircle 50 0.08644974421587627 0.017080466555286618
halfcircle 55 0.08205166552846424 0.020874315789927187
halfcircle 60 0.08278719627924581 0.020663140944821922
halfcircle 65 0.08321224604250875 0.02257965574195359
halfcircle 70 0.08302639026035318 0.022880778431570013
halfcircle 75 0.08035465123607519 0.01847671866447389
halfcircle 80 0.08045574328257113 0.018158031876604412
halfcircle 85 0.07940256628595457 0.006372044701506996
halfcircle 90 0.07942530779726567 0.006376851416496074
halfcircle 95 0.0794051011640303 0.006373724370700118
halfcircle 100 0.06606255344885584 -0.007235496074559577
halfcircle 105 0.0659490466785326 -0.00780585526309779
halfcircle 110 0.06295237097871186 -0.022144634924613594
halfcircle 115 0.06355331513606435 -0.02465045198833701
halfcircle 120 0.06550756325605965 -0.035090797555956246
halfcircle 125 0.06760842041243234 -0.03644795034578539
halfcircle 130 0.072211656818954 -0.03615426881595847
halfcircle 135 0.07430949384521503 -0.039591999101449296
halfcircle 140 0.07656611882678566 -0.0418435356029439
halfcircle 145 0.08302939485270258 -0.033904622506420276
halfcircle 150 0.08730336371915957 -0.03561101887849695
halfcircle 155 0.09102981696208819 -0.031946351815391606
halfcircle 160 0.09057143204492088 -0.029357729435756475
halfcircle 165 0.09850799155528764 -0.026681630655301825
halfcircle 170 0.09636671824421118 -0.016809971819104853
halfcircle 175 0.10033233498453978 -0.00923867752326986
halfcircle 180 0.09827444200770154 6.0533001125758955e-05
triangle 0 0.07719071966561028 -0.0004327578379783838
triangle 5 0.07740407532299722 0.002823356441097145
triangle 10 0.07670793953974826 -0.002387120053301163
triangle 15 0.07884056316588586 -0.0010090778156683618
triangle 20 0.0812966776593251 -0.002841853308571539
triangle 25 0.08200390329754406 0.002880204180014706
triangle 30 0.09109896301692903 0.004013326971552774
triangle 35 0.09035680484348886 0.004866971242598337
triangle 40 0.0918188268899848 0.01381756314692224
triangle 45 0.10140659224354161 0.009140397787348731
triangle 50 0.10146847575129378 0.018718964985946683
triangle 55 0.0969984259636747 0.015895907892208506
triangle 60 0.09560903791103906 0.015119926432273093
triangle 65 0.09436420678671345 0.020646487258937096
triangle 70 0.08926939964295091 0.015796423501897965
triangle 75 0.08803113999865789 0.017076838835113076
triangle 80 0.08639276327396352 0.021316697156099376
triangle 85 0.08666761876575013 0.016683128085908213
triangle 90 0.0809077932989659 0.010981223229345699
triangle 95 0.07910239768540037 0.0054519922594818285
triangle 100 0.0628149290674774 0.0005802580060550024
triangle 105 0.06329016202013307 0.0023164254562363542
triangle 110 0.061219813601320595 -0.009008023077765492
triangle 115 0.06078460581791588 -0.023485238379174593
triangle 120 0.06667679221077083 -0.02986091203493089
triangle 125 0.06933626926121128 -0.03136382375221454
triangle 130 0.07885830765686094 -0.038279472868029185
triangle 135 0.08114106868202212 -0.044713332430337094
triangle 140 0.08292002005029844 -0.04245546696182427
triangle 145 0.09027827660380117 -0.040096885322801215
triangle 150 0.09126025435675686 -0.03940099094044945
triangle 155 0.09514151697063664 -0.03499873048223921
triangle 160 0.09645171791262633 -0.026903775624761716
triangle 165 0.10133245595707026 -0.020064918270013603
triangle 170 0.10380863158670879 -0.02130075580741384
triangle 175 0.10438469258407639 -0.000600104952602204
triangle 180 0.1042767966148144 7.425817965244096e-05
moon 0 0.0792751091610607 -0.0004977349066706577
moon 5 0.07924006542689463 0.0018862186642830952
moon 10 0.07962212363530309 -0.00020886753327252413
moon 15 0.08267123522480677 0.00630023714800729
moon 20 0.08251799345902086 0.008625682675520358
moon 25 0.083716781881451 0.0072253144896204016
moon 30 0.08416090251768707 0.009505504819367882
moon 35 0.08465160208146187 0.008515198753651892
moon 40 0.0859383309711621 0.014985288232850369
moon 45 0.0878298573439678 0.016251222822929148
moon 50 0.08763925961938308 0.01601533664568327
moon 55 0.08549860462625444 0.019816534805046172
moon 60 0.08543297950300248 0.0197432916205511
moon 65 0.08685351359516567 0.021943286880038736
moon 70 0.08700907479544283 0.022528110244177536
moon 75 0.08526792419616488 0.018349078259277063
moon 80 0.08526779531798978 0.018356486692527117
moon 85 0.08685200578381255 0.004951506055495889
moon 90 0.08684931275660127 0.004950089614143936
moon 95 0.08684987686582499 0.004954903945722936
moon 100 0.07280972649791746 -0.010131217135005921
moon 105 0.07280333171878925 -0.01013410942391248
moon 110 0.07103208525602558 -0.02530387132286211
moon 115 0.07164279521074726 -0.027711629126463723
moon 120 0.072210760434574 -0.03650984060917612
moon 125 0.07393979211482103 -0.036830343267370245
moon 130 0.07891145824112467 -0.03844750178900059
moon 135 0.08082132703384014 -0.040573964780655725
moon 140 0.0821125170878679 -0.04480154051141656
moon 145 0.08836806151818984 -0.03521336533071424
moon 150 0.09007058274239085 -0.03575157602468522
moon 155 0.09367687500877851 -0.03179358651883373
moon 160 0.09362099186184444 -0.03061561831029642
moon 165 0.1005758244464409 -0.02756837998836576
moon 170 0.0991932674319653 -0.01834235256104331
moon 175 0.10140989808666263 -0.009199353501420744
moon 180 0.09980050469090553 6.128364129311745e-05
bullet 0 0.07313712642269783 -0.0007746564344981801
bullet 5 0.07336081877562498 -0.003430384793936844
bullet 10 0.06963461830180907 -0.009365334876604018
bullet 15 0.0703374442578262 -0.010438293346919253
bullet 20 0.07111301822768736 -0.01170924768864881
bullet 25 0.07065546439406079 -0.017724174720356665
bullet 30 0.07201579287199275 -0.0158313912533354
bullet 35 0.07301552982212627 -0.016115456022180088
bullet 40 0.0742512901084889 -0.013700089998122281
bullet 45 0.0755948537783258 -0.012141017289003093
bullet 50 0.07660574161186748 -0.009537511434951091
bullet 55 0.0789269480901652 -0.005108798921355893
bullet 60 0.078344843663031 0.0004271481336885636
bullet 65 0.07816976132277619 0.0005606317570711286
bullet 70 0.08107374874917501 0.005539094508291243
bullet 75 0.08053716718543234 0.007783352331718755
bullet 80 0.08465288061477919 0.011145808833405286
bullet 85 0.0805609721766927 0.008909041314806927
bullet 90 0.08382340921325758 0.01181637713662403
bullet 95 0.07869653812237434 0.006887254028100575
bullet 100 0.07491726841787698 0.008663917037237635
bullet 105 0.07248691576608698 0.005042123769992477
bullet 110 0.07163488539063123 0.002136872973614464
bullet 115 0.06811436334444701 -0.004454414197437351
bullet 120 0.0681088686047718 -0.0065649140074244185
bullet 125 0.0685196101555334 -0.008643670678393538
bullet 130 0.06883553035180155 -0.012329704479584008
bullet 135 0.0693667446971539 -0.013952129748716865
bullet 140 0.0710736118266159 -0.013907851490833761
bullet 145 0.07448060279240418 -0.01606197723690437
bullet 150 0.0742010605048429 -0.01151257072626249
bullet 155 0.0756926986877463 -0.01598444122361059
bullet 160 0.08177135490550248 -0.01026871179567838
bullet 165 0.08292969868156667 -0.009190148227611664
bullet 170 0.09068718923322353 -0.009049806457067223
bullet 175 0.08599194800826726 -0.0014148621936017074
bullet 180 0.0952002694125085 -0.00017457049693425766
