circle 0 0.07626836788904953 -0.00043306953840376055
rect 0 0.09489588564051962 -0.000564617994550563
rect 5 0.08574074683867637 -0.0023716808267863682
rect 10 0.08599978004016703 -0.001974400481811342
rect 15 0.0793458329046446 -0.002351275785379732
rect 20 0.07902702956679755 -0.002919415027759339
rect 25 0.07273157472085341 -0.004515623044516981
rect 30 0.07284645625812794 -0.006607476560878627
rect 35 0.07429611480878748 -0.002398676423356157
rect 40 0.07232590241147521 -0.0020832325508753162
rect 45 0.07233433055878724 -0.0007190437025647644
halfcircle 0 0.08082391300862102 -0.0004941581820463776
halfcircle 5 0.08076350403852231 0.0019915345432025724
halfcircle 10 0.08114188586992577 0.0005158127684997103
halfcircle 15 0.08427463802704992 0.006934018285418286
halfcircle 20 0.08386043189340721 0.009466103313677187
halfcircle 25 0.08479747546445311 0.008902576631825924
halfcircle 30 0.0853006586169468 0.011002362936132578
halfcircle 35 0.08578108108926909 0.00958006487753972
halfcircle 40 0.08657465113704921 0.015966649303774786
halfcircle 45 0.08803873300594264 0.017700962298328873
halfcircle 50 0.08770335762700168 0.01736527253088532
halfcircle 55 0.08323323230678738 0.021177111701523147
halfcircle 60 0.08397771053235008 0.020958199567673613
halfcircle 65 0.08441951926228083 0.022875221725630328
halfcircle 70 0.08420714581393605 0.02317348399214703
halfcircle 75 0.08151315296549844 0.018685763054028914
halfcircle 80 0.08162741001909155 0.018368725548062313
halfcircle 85 0.08058475750179564 0.0064292282669039785
halfcircle 90 0.08059885400144376 0.006428575783903703
halfcircle 95 0.080591302236785 0.006426663278911013
halfcircle 100 0.06706480188041362 -0.0073364174765738034
halfcircle 105 0.0669289513010929 -0.007902268283663777
halfcircle 110 0.06388239007517096 -0.022420539320551606
halfcircle 115 0.06449807586930469 -0.024953813206000562
halfcircle 120 0.06646982855488816 -0.03552011218731514
halfcircle 125 0.06857504074685924 -0.03687405662342556
halfcircle 130 0.0732681085572695 -0.036604633808421064
halfcircle 135 0.07536467380068726 -0.040057028498575994
halfcircle 140 0.07765589991562206 -0.04234934341094559
halfcircle 145 0.0842067583384071 -0.03430208665147687
halfcircle 150 0.08853072787158908 -0.03602718011429271
halfcircle 155 0.09232305155867661 -0.03233156616188402
halfcircle 160 0.09185573744593453 -0.02972783296571942
halfcircle 165 0.09989716422443996 -0.027000015895663664
halfcircle 170 0.09772461049500857 -0.017008498200197834
halfcircle 175 0.1017330742189562 -0.009358312996173238
halfcircle 180 0.09966630367601961 5.887504318001531e-05
triangle 0 0.07832037655873395 -0.00044102109837314935
triangle 5 0.07855535233667985 0.0028604432412588656
triangle 10 0.07782327992097604 -0.002378879710990114
triangle 15 0.0800201486005311 -0.000990361210799739
triangle 20 0.08247968494108805 -0.002823170083746181
triangle 25 0.08321644414397836 0.002967608171416108
triangle 30 0.09242292956858231 0.004134465230235506
triangle 35 0.0916949956712045 0.004988673858597685
triangle 40 0.09314083331925602 0.014077335401037751
triangle 45 0.1028556660304198 0.009321630575426698
triangle 50 0.1029205218806218 0.019031048450122014
triangle 55 0.09839375956338084 0.016139864297530424
triangle 60 0.09698872553394554 0.015352719877231186
triangle 65 0.09569216391743793 0.020917071525301225
triangle 70 0.09053044282399082 0.01599527374465323
triangle 75 0.08929015286249915 0.017268281726636685
triangle 80 0.08760934985761981 0.021539213760442384
triangle 85 0.08791702065557341 0.016843581321202783
triangle 90 0.08209829378790098 0.011086552635221274
triangle 95 0.08028228612195923 0.0054884507131918656
triangle 100 0.06374799893706702 0.0005430817360383151
triangle 105 0.06424530255769585 0.0023161978163384984
triangle 110 0.06215004644189102 -0.009151491351860355
triangle 115 0.06171157863922548 -0.023782898222301195
triangle 120 0.0676753983264223 -0.030224282147452604
triangle 125 0.07036596532756614 -0.03175170512370582
triangle 130 0.08003612611274338 -0.03874372860842518
triangle 135 0.08231926800405769 -0.04524763456940507
triangle 140 0.08411608191483601 -0.042977248680781774
triangle 145 0.09158437660652019 -0.04056001450150408
triangle 150 0.09256524749777062 -0.039868640444456795
triangle 155 0.09649959810457029 -0.03541882329134673
triangle 160 0.09784635989573078 -0.027246099865261615
triangle 165 0.1027612287925952 -0.020282282638151464
triangle 170 0.10527576687512144 -0.02155924937349919
triangle 175 0.1058582279808585 -0.0006052503583822587
triangle 180 0.10575896839944769 7.489988090837588e-05
moon 0 0.08044269251948774 -0.0004993911406664442
moon 5 0.08040975039661993 0.0019106044222082313
moon 10 0.0807842241246326 -0.0001848930178887982
moon 15 0.08389474153594244 0.006404455566307514
moon 20 0.08374297296895096 0.008791321666066252
moon 25 0.0849557410433719 0.007371916248323579
moon 30 0.0854068988356781 0.009697393454477708
moon 35 0.08589982833948803 0.008695729334314273
moon 40 0.08718891168412338 0.015237149965444835
moon 45 0.08910725793211892 0.016527674444209085
moon 50 0.08890685607885739 0.016288600005439947
moon 55 0.08673353608228221 0.020104734273610682
moon 60 0.08665682846503954 0.020016747360849498
moon 65 0.08811264298953661 0.022222452094398916
moon 70 0.08826254028774101 0.022807665420871488
moon 75 0.08651878471462895 0.018561164536942863
moon 80 0.08651554293791484 0.018558947121996027
moon 85 0.08817012133694144 0.004997040231147176
moon 90 0.088161980679789 0.004991071300917546
moon 95 0.08815603331356857 0.004991531154489604
moon 100 0.07390909344598973 -0.01024174397318817
moon 105 0.07390637936299525 -0.010241238328794224
moon 110 0.07209717434538135 -0.025582569709670704
moon 115 0.07269812299624766 -0.02800152468772597
moon 120 0.0732543945165268 -0.036911875772783785
moon 125 0.07500581212317377 -0.037238908374237864
moon 130 0.08005157938699511 -0.03888512838811435
moon 135 0.0819837226092395 -0.041023313600674224
moon 140 0.08327380738990922 -0.04530908014374479
moon 145 0.08962303283296877 -0.03560698079938972
moon 150 0.09134085333379262 -0.036156739909041044
moon 155 0.09500934712010109 -0.032158725372458105
moon 160 0.09493845135215011 -0.030979357304978104
moon 165 0.10197717391996161 -0.027886278100984107
moon 170 0.10059112632000919 -0.018548696800756825
moon 175 0.10284063985828547 -0.00931486133063655
moon 180 0.10120919738622217 6.189407440400561e-05
bullet 0 0.07423481423855274 -0.0007814546632484721
bullet 5 0.07447074684413656 -0.0034592490559954177
bullet 10 0.07066404768515956 -0.009443009585686285
bullet 15 0.07136869618716676 -0.010539199947621895
bullet 20 0.07217151439635949 -0.011817002628903074
bullet 25 0.0716922644030821 -0.01789873306709095
bullet 30 0.07306769273514889 -0.015969305055735995
bullet 35 0.07407813270526806 -0.016262887713659857
bullet 40 0.07531376810509463 -0.013815565577966395
bullet 45 0.07669452064681695 -0.012249487403931652
bullet 50 0.07771134422135317 -0.00962544842321592
bullet 55 0.08004767721395846 -0.005144577204488938
bullet 60 0.0794620974051983 0.00043757644943666775
bullet 65 0.07928217198786715 0.0005644228553987245
bullet 70 0.08224576429089094 0.005582015237844594
bullet 75 0.08168300973526187 0.007841648582658813
bullet 80 0.08586693349998983 0.011227750664237122
bullet 85 0.08173223195819376 0.008971999831321452
bullet 90 0.0850584895725077 0.01190451578807732
bullet 95 0.07986748466575154 0.006931305466605806
bullet 100 0.0760346955470366 0.008747010979896646
bullet 105 0.07355495700151628 0.005080139652704151
bullet 110 0.07269086777388178 0.002154201291057796
bullet 115 0.06910740240860735 -0.004482116234094855
bullet 120 0.06910376597701799 -0.006612798008240018
bullet 125 0.06950959973306514 -0.00872509711400721
bullet 130 0.06982590746628445 -0.012448322916778956
bullet 135 0.07034712514996469 -0.014078770819511952
bullet 140 0.07208379169758802 -0.014030579354693661
bullet 145 0.07555022839350409 -0.016210719988850507
bullet 150 0.07526481393424878 -0.011627021588328042
bullet 155 0.07676945318019138 -0.016155347710797196
bullet 160 0.08293995374500794 -0.010364429143684305
bullet 165 0.08412366157181425 -0.009284090403824193
bullet 170 0.09198023203311526 -0.009134280844060231
bullet 175 0.08724500735517482 -0.0014306722870476329
bullet 180 0.09657271064921688 -0.00017257873907165568
