shape size Cd Cl
circle 0.046875 1.7109847940488696 -0.008134819823874626
circle 0.0625 1.412406233529446 -0.006617219610418421
circle 0.078125 1.2753593693552165 -0.006294279252320537
circle 0.09375 1.366330138616202 -0.006109868225141376
circle 0.109375 1.23668034352205 -0.006274865483025784
circle 0.125 1.1767919689756752 -0.005473668111326146
circle 0.140625 1.2532687850608277 -0.006345646862753223
circle 0.15625 1.2034065940865657 -0.005596782459464207
circle 0.171875 1.1783127835223248 -0.0051427130862028245
circle 0.1875 1.1471960158272312 -0.0052924059162757576
circle 0.203125 1.248439394261929 -0.005219530432489359
circle 0.21875 1.2117515831420151 -0.005413431309878542
circle 0.234375 1.2287659895110081 -0.005306763832087159
circle 0.25 1.321461395569285 -0.0057997276331217176
circle 0.265625 1.3273082129471423 -0.005444021307635263
circle 0.28125 1.3511897683082623 -0.005591350173759493
circle 0.296875 1.3831035830992453 -0.005784192797559531
circle 0.3125 1.492346875176193 -0.00592098402013162
circle 0.328125 1.537054426910686 -0.006261682339882299
circle 0.34375 1.5679714389575605 -0.006755063341413647
circle 0.359375 1.638479629712448 -0.006967677435850059
rect 0.046875 1.7807962450441723 -0.009999390070606639
rect 0.0625 1.6193790128986973 -0.008619779400065081
rect 0.078125 1.550624775926984 -0.006925528759791662
rect 0.09375 1.5408432478516174 -0.007725330737847029
rect 0.109375 1.5106611555087515 -0.0070863778749959624
rect 0.125 1.5135936989385512 -0.006603602614505165
rect 0.140625 1.5372275928793802 -0.007119654760808278
rect 0.15625 1.5423394481045145 -0.006230617975365097
rect 0.171875 1.5934540299530662 -0.005946503488451033
rect 0.1875 1.6656599687765843 -0.005744252318864066
rect 0.203125 1.6656599687765843 -0.005744252318864066
rect 0.21875 1.7590926102407216 -0.005625197084650449
rect 0.234375 1.8749741706102492 -0.0055959101824294465
rect 0.25 1.9719785571243231 0.015255945355443645
rect 0.265625 2.0155224007872183 -0.0056661615576422955
rect 0.28125 2.1840235711490856 -0.00584730503278273
rect 0.296875 2.3850585530474118 -0.006150807371431278
rect 0.3125 2.3850585530474118 -0.006150807371431278
rect 0.328125 2.6249101806305473 -0.0065868050636333575
rect 0.34375 2.912221431943846 -0.007162659842425034
rect 0.359375 3.2500496050962813 -0.007421991575978452
halfcircle 0.046875 1.8958412822625232 -0.005512346188369778
halfcircle 0.0625 1.5851644679250825 -0.005452494513925964
halfcircle 0.078125 1.4156669519877305 -0.006010948191980116
halfcircle 0.09375 1.4993495106990335 -0.004926834278063006
halfcircle 0.109375 1.3644037041037018 -0.005494541627711375
halfcircle 0.125 1.2938165321564927 -0.0056458371522908205
halfcircle 0.140625 1.345526839444597 -0.005508654009285332
halfcircle 0.15625 1.302066960962572 -0.005331513147775841
halfcircle 0.171875 1.2760886180853535 -0.005604469073476623
halfcircle 0.1875 1.25037513331997 -0.0061363078794412235
halfcircle 0.203125 1.31680304113398 -0.005372448170895952
halfcircle 0.21875 1.2923115995614622 -0.006075677947788835
halfcircle 0.234375 1.3094987972749266 -0.006256765070924753
halfcircle 0.25 1.3669325285338654 -0.006055464238864695
halfcircle 0.265625 1.3844569272514518 -0.006122349884544205
halfcircle 0.28125 1.408766137364908 -0.006579765672878217
halfcircle 0.296875 1.446643767718519 -0.007025256871178052
halfcircle 0.3125 1.5225717629869748 -0.006458661003324544
halfcircle 0.328125 1.56880485607954 -0.006999188850689259
halfcircle 0.34375 1.6075667832374532 -0.007729806847990594
halfcircle 0.359375 1.678666594314446 -0.007985897697360444
triangle 0.046875 1.7378445306392643 -0.006237948816834291
triangle 0.0625 1.7378445306392643 -0.006237948816834291
triangle 0.078125 1.4951362033089397 -0.0061906653032709775
triangle 0.09375 1.359263292659902 -0.006305180374142223
triangle 0.109375 1.359263292659902 -0.006305180374142223
triangle 0.125 1.2621241885475174 -0.006426616864667364
triangle 0.140625 1.2058662363618755 -0.006625440438477394
triangle 0.15625 1.2058662363618755 -0.006625440438477394
triangle 0.171875 1.1360822002830464 -0.00701720412310551
triangle 0.1875 1.1360822002830464 -0.00701720412310551
triangle 0.203125 1.112807394063553 -0.007180701123158812
triangle 0.21875 1.1099615577023518 -0.007450093921869616
triangle 0.234375 1.1099615577023518 -0.007450093921869616
triangle 0.25 1.1015145122560142 -0.007616961480431255
triangle 0.265625 1.1119664169401364 -0.007917075085478054
triangle 0.28125 1.1119664169401364 -0.007917075085478054
triangle 0.296875 1.1141148919115682 -0.008085562942027233
triangle 0.3125 1.1351887298519985 -0.008419507813714044
triangle 0.328125 1.1351887298519985 -0.008419507813714044
triangle 0.34375 1.1765383360176633 -0.008963750094995258
triangle 0.359375 1.1765383360176633 -0.008963750094995258
moon 0.046875 1.948702432812965 -0.005925249080838754
moon 0.0625 1.5903551237790134 -0.005634569013109373
moon 0.078125 1.416592756939254 -0.006318816074138688
moon 0.09375 1.5011513663313194 -0.005210131290154861
moon 0.109375 1.3629544946656056 -0.005602154264977971
moon 0.125 1.2904353953839736 -0.005770359081081701
moon 0.140625 1.3428774460322443 -0.005625047137831483
moon 0.15625 1.2979445031844814 -0.005482004928927481
moon 0.171875 1.2724545263946947 -0.0056326086982253646
moon 0.1875 1.2474084225245108 -0.006081103067354521
moon 0.203125 1.3126459759989553 -0.0054176150229255085
moon 0.21875 1.288768926093285 -0.006040116172514977
moon 0.234375 1.3067340635080757 -0.006166231215439315
moon 0.25 1.3628798126278665 -0.006020243430941308
moon 0.265625 1.3811436619167103 -0.006031984130663535
moon 0.28125 1.4061237091981378 -0.006451215290495769
moon 0.296875 1.4433649846913539 -0.00694132500221766
moon 0.3125 1.5195139261057187 -0.00634968000001006
moon 0.328125 1.5653469244597527 -0.006942014818220084
moon 0.34375 1.6044844451060079 -0.007611482444883162
moon 0.359375 1.6760609322811533 -0.007852146161578614
bullet 0.046875 1.7807962450441723 -0.009999390070606639
bullet 0.0625 1.4821362974836088 -0.00917097289901292
bullet 0.078125 1.3226029167041933 -0.008425330028528378
bullet 0.09375 1.4258124235749092 -0.0082437361863922
bullet 0.109375 1.2912628494680964 -0.008472639749416413
bullet 0.125 1.2339820179574146 -0.008378668380494322
bullet 0.140625 1.3070795141229572 -0.008307841697267443
bullet 0.15625 1.2683719724735107 -0.007942303759802868
bullet 0.171875 1.255191664622703 -0.008083695001561683
bullet 0.1875 1.2348150120064265 -0.00849988052281783
bullet 0.203125 1.3196869529078485 -0.00784655257479097
bullet 0.21875 1.3040694200168077 -0.008488015024281672
bullet 0.234375 1.336228419318975 -0.008681737276489859
bullet 0.25 1.381385040650219 0.033881434131728
bullet 0.265625 1.4372581794943038 -0.008748291999858566
bullet 0.28125 1.4778180800830683 -0.00937912262031966
bullet 0.296875 1.5323247173554244 -0.010061879045198457
bullet 0.3125 1.6206817335936263 -0.009666593966827147
bullet 0.328125 1.6862619399649275 -0.010575136693241812
bullet 0.34375 1.7429336131432955 -0.011693037700010312
bullet 0.359375 1.8280148913955105 -0.012150890527571652
