shape theta Cd Cl
circle 0 0.06913645307296883 -0.0003758630897175009
circle 5 0.06913645307296883 -0.0003758630897175009
circle 10 0.06913645307296883 -0.0003758630897175009
circle 15 0.06913645307296883 -0.0003758630897175009
circle 20 0.06913645307296883 -0.0003758630897175009
circle 25 0.06913645307296883 -0.0003758630897175009
circle 30 0.06913645307296883 -0.0003758630897175009
circle 35 0.06913645307296883 -0.0003758630897175009
circle 40 0.06913645307296883 -0.0003758630897175009
circle 45 0.06913645307296883 -0.0003758630897175009
circle 50 0.06913645307296883 -0.0003758630897175009
circle 55 0.06913645307296883 -0.0003758630897175009
circle 60 0.06913645307296883 -0.0003758630897175009
circle 65 0.06913645307296883 -0.0003758630897175009
circle 70 0.06913645307296883 -0.0003758630897175009
circle 75 0.06913645307296883 -0.0003758630897175009
circle 80 0.06913645307296883 -0.0003758630897175009
circle 85 0.06913645307296883 -0.0003758630897175009
circle 90 0.06913645307296883 -0.0003758630897175009
circle 95 0.06913645307296883 -0.0003758630897175009
circle 100 0.06913645307296883 -0.0003758630897175009
circle 105 0.06913645307296883 -0.0003758630897175009
circle 110 0.06913645307296883 -0.0003758630897175009
circle 115 0.06913645307296883 -0.0003758630897175009
circle 120 0.06913645307296883 -0.0003758630897175009
circle 125 0.06913645307296883 -0.0003758630897175009
circle 130 0.06913645307296883 -0.0003758630897175009
circle 135 0.06913645307296883 -0.0003758630897175009
circle 140 0.06913645307296883 -0.0003758630897175009
circle 145 0.06913645307296883 -0.0003758630897175009
circle 150 0.06913645307296883 -0.0003758630897175009
circle 155 0.06913645307296883 -0.0003758630897175009
circle 160 0.06913645307296883 -0.0003758630897175009
circle 165 0.06913645307296883 -0.0003758630897175009
circle 170 0.06913645307296883 -0.0003758630897175009
circle 175 0.06913645307296883 -0.0003758630897175009
circle 180 0.06913645307296883 -0.0003758630897175009
rect 0 0.08594041094496659 -0.0004903298069344448
rect 5 0.07761029590900598 -0.0021328798120632576
rect 10 0.07793492165038671 -0.0015200827221985495
rect 15 0.07190687516762664 -0.0018233806123160695
rect 20 0.07163462144288722 -0.002239682555339463
rect 25 0.06598092896943808 -0.0033016109039782885
rect 30 0.06612200111208344 -0.004786841068349144
rect 35 0.06747544713972849 -0.0015817410874887413
rect 40 0.0657209619789771 -0.001397383327035037
rect 45 0.0657499482212963 -0.0004741885279821218
rect 50 0.06571151730261494 0.0004542918102190446
rect 55 0.06746140820122187 0.0006511558666922909
rect 60 0.066018284348117 0.003777293744092481
rect 65 0.06593796372852412 0.002175511016007213
rect 70 0.07161648878212 0.0013537393929748183
rect 75 0.07187761483377525 0.000977549245306696
rect 80 0.07792958632659389 0.0005496328292285888
rect 85 0.07760349343630034 0.0012051400648850857
rect 90 0.08594041094496659 -0.0004903298069344448
rect 95 0.07761029590900598 -0.0021328798120632576
rect 100 0.07793492165038671 -0.0015200827221985495
rect 105 0.07190687516762664 -0.0018233806123160695
rect 110 0.07163462144288722 -0.002239682555339463
rect 115 0.06598092896943808 -0.0033016109039782885
rect 120 0.06612200111208344 -0.004786841068349144
rect 125 0.06747544713972849 -0.0015817410874887413
rect 130 0.0657209619789771 -0.001397383327035037
rect 135 0.0657499482212963 -0.0004741885279821218
rect 140 0.06571151730261494 0.0004542918102190446
rect 145 0.06746140820122187 0.0006511558666922909
rect 150 0.066018284348117 0.003777293744092481
rect 155 0.06593796372852412 0.002175511016007213
rect 160 0.07161648878212 0.0013537393929748183
rect 165 0.07187761483377525 0.000977549245306696
rect 170 0.07792958632659389 0.0005496328292285888
rect 175 0.07760349343630034 0.0012051400648850857
rect 180 0.08594041094496659 -0.0004903298069344448
halfcircle 0 0.07320362616864945 -0.0004317381789057346
halfcircle 5 0.07317123531188241 0.001708768203503614
halfcircle 10 0.07349553686803141 0.0002854836818766069
halfcircle 15 0.07633918988140413 0.006467497814314765
halfcircle 20 0.07598039852594873 0.008725845887302183
halfcircle 25 0.07682195971753887 0.008167907064027377
halfcircle 30 0.07730582940386845 0.010127219799564824
halfcircle 35 0.07774796410913758 0.008711952989238027
halfcircle 40 0.07850480042831293 0.01639745963927867
halfcircle 45 0.07985357853508865 0.018165769910801252
halfcircle 50 0.0795708260928358 0.017845356499808982
halfcircle 55 0.07549388734349653 0.024539385385067287
halfcircle 60 0.0761702366244214 0.02434093836553348
halfcircle 65 0.07659179863822446 0.030121555594769697
halfcircle 70 0.07639736871433854 0.03056181170736485
halfcircle 75 0.0738676028489596 0.028382545065315554
halfcircle 80 0.07395814470740154 0.027893105335463103
halfcircle 85 0.07288825400540094 0.01166126004141078
halfcircle 90 0.07288825400540094 0.01166126004141078
halfcircle 95 0.07288825400540094 0.01166126004141078
halfcircle 100 0.06059556893516359 -0.010993154523107734
halfcircle 105 0.06049749389500968 -0.011894777709722753
halfcircle 110 0.0577931741666717 -0.02963292881781264
halfcircle 115 0.05839159869776887 -0.03303251529647332
halfcircle 120 0.06023125133362804 -0.04183290199897297
halfcircle 125 0.06219602047597371 -0.04348634256582536
halfcircle 130 0.06643634743496071 -0.0430282273852974
halfcircle 135 0.06841554793380776 -0.04247719696899194
halfcircle 140 0.0705084190478202 -0.044842256886738006
halfcircle 145 0.07646624289418842 -0.036370230533098374
halfcircle 150 0.08045138432109566 -0.03477719324937465
halfcircle 155 0.08389546052132499 -0.031148826186135525
halfcircle 160 0.08343579629069725 -0.028548087457254755
halfcircle 165 0.0908478162320159 -0.02387286221129911
halfcircle 170 0.0888201993283232 -0.015056715446884415
halfcircle 175 0.09251317201173373 -0.008213708625185072
halfcircle 180 0.09059268892586118 5.5620541126694864e-05
triangle 0 0.07093969213151843 -0.0004631083591689225
triangle 5 0.07116803966346431 0.003025219447758514
triangle 10 0.07052148475175057 -0.002514918380425592
triangle 15 0.07243869914180391 -0.0014190656045155632
triangle 20 0.07470545615116589 -0.0033580652237628103
triangle 25 0.07533730534135016 0.0027698858343148474
triangle 30 0.08374344417323876 0.004285332187209974
triangle 35 0.0830463802843538 0.005325173262691783
triangle 40 0.08443463503441923 0.01585061419911618
triangle 45 0.09327586900870584 0.01340125846538147
triangle 50 0.09341003371048481 0.024404754851641168
triangle 55 0.08933251149161942 0.02391000572712148
triangle 60 0.08802957165448921 0.02272384011018675
triangle 65 0.08697443018392559 0.031445624234218435
triangle 70 0.08217091638590505 0.028139604240287247
triangle 75 0.08103930795000115 0.026295959999324825
triangle 80 0.07959632265019018 0.03293237201136841
triangle 85 0.07977632432950164 0.030246498807335178
triangle 90 0.07436297956787119 0.02396159610658889
triangle 95 0.07261601122629577 0.01208959420386413
triangle 100 0.05762884325494505 0.0012501350295179429
triangle 105 0.05804871921948415 0.003784077178334652
triangle 110 0.05614319994538153 -0.01346138852758148
triangle 115 0.05572478561955901 -0.03594395431326003
triangle 120 0.06117016612746457 -0.045667703345366246
triangle 125 0.06366184366105765 -0.04803938511339286
triangle 130 0.07247116481352954 -0.0587059631969771
triangle 135 0.074651432844839 -0.06000953023832654
triangle 140 0.07630485737119813 -0.05684808211607429
triangle 145 0.08311739927525566 -0.04791607580303522
triangle 150 0.08400454878289704 -0.046971551574135795
triangle 155 0.0876898766409248 -0.03755775391531865
triangle 160 0.08884652075031377 -0.02877128620132812
triangle 165 0.09339038795602493 -0.021645221302280783
triangle 170 0.09571498837000432 -0.02075775136226796
triangle 175 0.0962184009831173 -0.0006022377439485571
triangle 180 0.09611494493155404 8.145888655659545e-05
moon 0 0.07286289271401127 -0.00043916082291137117
moon 5 0.07284293462643109 0.0016418066043218584
moon 10 0.07317023937680037 -0.00032350767318020706
moon 15 0.07599306002497785 0.005964993571448808
moon 20 0.07585454047431416 0.008086362246593265
moon 25 0.07695086333702172 0.00670453244356573
moon 30 0.07736569496718927 0.008877500443536123
moon 35 0.07781843468243395 0.007871679955901132
moon 40 0.07901535073343566 0.015629440580253024
moon 45 0.08076175008471823 0.016928048321502315
moon 50 0.0806097489400932 0.016704074791709725
moon 55 0.07862218145759235 0.02325363288706674
moon 60 0.07855536043036404 0.023236362005386278
moon 65 0.07986473815331659 0.029306096652352613
moon 70 0.08001673065980829 0.030116823604598754
moon 75 0.07832842381143354 0.028251151495896656
moon 80 0.07832842381143354 0.028251151495896656
moon 85 0.07964945935661198 0.009065971110066046
moon 90 0.07964945935661198 0.009065971110066046
moon 95 0.07964945935661198 0.009065971110066046
moon 100 0.06677075591584938 -0.015674741221745225
moon 105 0.06677075591584938 -0.015674741221745225
moon 110 0.06520521842851364 -0.0341230403315961
moon 115 0.06586493847787206 -0.03748983912353461
moon 120 0.06640536516445164 -0.04374964843670397
moon 125 0.06803829964954355 -0.044157590325963336
moon 130 0.07262228949714386 -0.046002460426145225
moon 135 0.07443823726926702 -0.04375610603275266
moon 140 0.07566725572519781 -0.04823125658323418
moon 145 0.08143596292836482 -0.037976905330951494
moon 150 0.08301370657925015 -0.03500805558102769
moon 155 0.08633900349378808 -0.03109342192213582
moon 160 0.08630494945090385 -0.02986588265957187
moon 165 0.09277575338282891 -0.02470169738752898
moon 170 0.09146032093382432 -0.016469505299467564
moon 175 0.09354738437291725 -0.008193038623189213
moon 180 0.09201423636934802 5.938471062016154e-05
bullet 0 0.06711583302193659 -0.0006868511872768835
bullet 5 0.06736885291900822 -0.0031000983477943596
bullet 10 0.0638822700021096 -0.007851010473680014
bullet 15 0.06459055281275783 -0.008755794673102986
bullet 20 0.06532807531336912 -0.009815978212679322
bullet 25 0.06494479311300444 -0.013737164463125798
bullet 30 0.0662206333076265 -0.012335523719113638
bullet 35 0.06715719262231565 -0.012556917310198661
bullet 40 0.0683330456401199 -0.010709786199585779
bullet 45 0.06960475318874888 -0.009476917370789657
bullet 50 0.07054298388930598 -0.007444293440993455
bullet 55 0.07269311125296643 -0.004022524447562996
bullet 60 0.0721152073054698 0.00037887681365096474
bullet 65 0.07194855714742142 0.0005033942646719963
bullet 70 0.0746361071282964 0.004683191758653166
bullet 75 0.07411240160655974 0.00657877119501625
bullet 80 0.0779129527602741 0.009410422998982721
bullet 85 0.0740600734769065 0.00817594031150373
bullet 90 0.07705407578745388 0.010830431757794343
bullet 95 0.07231131705750717 0.006327928012208861
bullet 100 0.06881900008753848 0.007300786060791367
bullet 105 0.06659037759298433 0.004237226359668421
bullet 110 0.06581870361339691 0.0018083374952431734
bullet 115 0.06261869381927754 -0.0034968323468611336
bullet 120 0.06264947962797358 -0.005134749139119321
bullet 125 0.06302633699692614 -0.00675150361235372
bullet 130 0.0633558766258675 -0.009609059975834285
bullet 135 0.06385379381888745 -0.010831331113383991
bullet 140 0.06543219573396619 -0.01083058739666993
bullet 145 0.06858652986014882 -0.012490614641482397
bullet 150 0.06829972147161252 -0.009609951317799705
bullet 155 0.06966998600193627 -0.013260966113581575
bullet 160 0.07525038328226152 -0.008591934513801781
bullet 165 0.07630888243218371 -0.007680842369444699
bullet 170 0.08351078679075624 -0.0075836711217842296
bullet 175 0.07909781337773028 -0.0012606329414389652
bullet 180 0.08763933774697724 -0.00014671312218179092
